         nH         pok         xH2        xHII          xe      chi_pe      chi_lw      chi_h2      chi_ci       xi_cr     nLambda       Gamma 
1.00000e-02 9.07249e+01 1.72247e-10 6.68591e-02 6.70405e-02 1.00000e+00 1.00000e+00 1.00000e+00 1.00000e+00 1.12468e-17 1.44060e-27 1.44850e-27 
1.12202e-02 1.00595e+02 1.96401e-10 6.32602e-02 6.34404e-02 1.00000e+00 1.00000e+00 1.00000e+00 1.00000e+00 1.12468e-17 1.50321e-27 1.51321e-27 
1.25893e-02 1.11719e+02 2.23194e-10 6.02326e-02 6.04118e-02 1.00000e+00 1.00000e+00 1.00000e+00 1.00000e+00 1.12468e-17 1.56360e-27 1.56980e-27 
1.41254e-02 1.23682e+02 2.55229e-10 5.67232e-02 5.69013e-02 1.00000e+00 1.00000e+00 1.00000e+00 1.00000e+00 1.12468e-17 1.64139e-27 1.64620e-27 
1.58489e-02 1.36850e+02 2.92082e-10 5.34007e-02 5.35778e-02 1.00000e+00 1.00000e+00 1.00000e+00 1.00000e+00 1.12468e-17 1.72306e-27 1.72688e-27 
1.77828e-02 1.51311e+02 3.34590e-10 5.02512e-02 5.04273e-02 1.00000e+00 1.00000e+00 1.00000e+00 1.00000e+00 1.12468e-17 1.80909e-27 1.81221e-27 
1.99526e-02 1.67153e+02 3.83771e-10 4.72609e-02 4.74360e-02 1.00000e+00 1.00000e+00 1.00000e+00 1.00000e+00 1.12468e-17 1.89989e-27 1.90250e-27 
2.23872e-02 1.84451e+02 4.40870e-10 4.44183e-02 4.45925e-02 1.00000e+00 1.00000e+00 1.00000e+00 1.00000e+00 1.12468e-17 1.99586e-27 1.99807e-27 
2.51189e-02 2.03276e+02 5.07413e-10 4.17135e-02 4.18868e-02 1.00000e+00 1.00000e+00 1.00000e+00 1.00000e+00 1.12468e-17 2.09734e-27 2.09924e-27 
2.81838e-02 2.23682e+02 5.85285e-10 3.91379e-02 3.93104e-02 1.00000e+00 1.00000e+00 1.00000e+00 1.00000e+00 1.12468e-17 2.20470e-27 2.20629e-27 
3.16228e-02 2.45706e+02 6.76813e-10 3.66841e-02 3.68559e-02 1.00000e+00 1.00000e+00 1.00000e+00 1.00000e+00 1.12468e-17 2.31825e-27 2.31956e-27 
3.54813e-02 2.69369e+02 7.84867e-10 3.43459e-02 3.45169e-02 1.00000e+00 1.00000e+00 1.00000e+00 1.00000e+00 1.12468e-17 2.43834e-27 2.43934e-27 
3.98107e-02 2.94677e+02 9.12988e-10 3.21180e-02 3.22883e-02 1.00000e+00 1.00000e+00 1.00000e+00 1.00000e+00 1.12468e-17 2.56529e-27 2.56598e-27 
4.46684e-02 3.21621e+02 1.06554e-09 2.99961e-02 3.01657e-02 1.00000e+00 1.00000e+00 1.00000e+00 1.00000e+00 1.12468e-17 2.69940e-27 2.69982e-27 
5.01187e-02 3.50149e+02 1.24806e-09 2.79717e-02 2.81407e-02 1.00000e+00 1.00000e+00 1.00000e+00 1.00000e+00 1.12468e-17 2.83788e-27 2.84416e-27 
5.62341e-02 3.80285e+02 1.46687e-09 2.60540e-02 2.62224e-02 1.00000e+00 1.00000e+00 1.00000e+00 1.00000e+00 1.12468e-17 2.98826e-27 2.99259e-27 
6.30957e-02 4.11894e+02 1.73069e-09 2.42319e-02 2.43997e-02 1.00000e+00 1.00000e+00 1.00000e+00 1.00000e+00 1.12468e-17 3.14662e-27 3.14919e-27 
7.07946e-02 4.44862e+02 2.05017e-09 2.25023e-02 2.26695e-02 1.00000e+00 1.00000e+00 1.00000e+00 1.00000e+00 1.12468e-17 3.31326e-27 3.31444e-27 
7.94328e-02 4.79021e+02 2.43892e-09 2.08618e-02 2.10285e-02 1.00000e+00 1.00000e+00 1.00000e+00 1.00000e+00 1.12468e-17 3.48853e-27 3.48885e-27 
8.91251e-02 5.14137e+02 2.91450e-09 1.93061e-02 1.94723e-02 1.00000e+00 1.00000e+00 1.00000e+00 1.00000e+00 1.12468e-17 3.67087e-27 3.67495e-27 
1.00000e-01 5.49888e+02 3.49977e-09 1.78351e-02 1.80008e-02 1.00000e+00 1.00000e+00 1.00000e+00 1.00000e+00 1.12468e-17 3.86589e-27 3.86736e-27 
1.12202e-01 5.85877e+02 4.22469e-09 1.64438e-02 1.66090e-02 1.00000e+00 1.00000e+00 1.00000e+00 1.00000e+00 1.12468e-17 4.07023e-27 4.07042e-27 
1.25893e-01 6.21675e+02 5.12810e-09 1.51287e-02 1.52935e-02 1.00000e+00 1.00000e+00 1.00000e+00 1.00000e+00 1.12468e-17 4.28354e-27 4.28579e-27 
1.41254e-01 6.56724e+02 6.26203e-09 1.38887e-02 1.40532e-02 1.00000e+00 1.00000e+00 1.00000e+00 1.00000e+00 1.12468e-17 4.50959e-27 4.50982e-27 
1.58489e-01 6.90507e+02 7.69408e-09 1.27204e-02 1.28845e-02 1.00000e+00 1.00000e+00 1.00000e+00 1.00000e+00 1.12468e-17 4.74556e-27 4.74718e-27 
1.77828e-01 7.22399e+02 9.51516e-09 1.16225e-02 1.17863e-02 1.00000e+00 1.00000e+00 1.00000e+00 1.00000e+00 1.12468e-17 4.99482e-27 4.99479e-27 
1.99526e-01 7.51870e+02 1.18443e-08 1.05928e-02 1.07562e-02 1.00000e+00 1.00000e+00 1.00000e+00 1.00000e+00 1.12468e-17 5.25579e-27 5.25605e-27 
2.23872e-01 7.78387e+02 1.48399e-08 9.62971e-03 9.79279e-03 1.00000e+00 1.00000e+00 1.00000e+00 1.00000e+00 1.12468e-17 5.52990e-27 5.53057e-27 
2.51189e-01 8.01510e+02 1.87109e-08 8.73178e-03 8.89457e-03 1.00000e+00 1.00000e+00 1.00000e+00 1.00000e+00 1.12468e-17 5.81791e-27 5.81883e-27 
2.81838e-01 8.20929e+02 2.37313e-08 7.89745e-03 8.05998e-03 1.00000e+00 1.00000e+00 1.00000e+00 1.00000e+00 1.12468e-17 6.12058e-27 6.12138e-27 
3.16228e-01 8.36494e+02 3.02568e-08 7.12512e-03 7.28740e-03 1.00000e+00 1.00000e+00 1.00000e+00 1.00000e+00 1.12468e-17 6.43854e-27 6.43893e-27 
3.54813e-01 8.48237e+02 3.87440e-08 6.41300e-03 6.57505e-03 1.00000e+00 1.00000e+00 1.00000e+00 1.00000e+00 1.12468e-17 6.77229e-27 6.77228e-27 
3.98107e-01 8.56403e+02 4.97671e-08 5.75909e-03 5.92093e-03 1.00000e+00 1.00000e+00 1.00000e+00 1.00000e+00 1.12468e-17 7.12153e-27 7.12319e-27 
4.46684e-01 8.61328e+02 6.40427e-08 5.16126e-03 5.32291e-03 1.00000e+00 1.00000e+00 1.00000e+00 1.00000e+00 1.12468e-17 7.48894e-27 7.48894e-27 
5.01187e-01 8.63621e+02 8.24253e-08 4.61686e-03 4.77834e-03 1.00000e+00 1.00000e+00 1.00000e+00 1.00000e+00 1.12468e-17 7.87249e-27 7.87304e-27 
5.62341e-01 8.63896e+02 1.05926e-07 4.12313e-03 4.28445e-03 1.00000e+00 1.00000e+00 1.00000e+00 1.00000e+00 1.12468e-17 8.27334e-27 8.27408e-27 
6.30957e-01 8.62813e+02 1.35702e-07 3.67695e-03 3.83813e-03 1.00000e+00 1.00000e+00 1.00000e+00 1.00000e+00 1.12468e-17 8.69173e-27 8.69152e-27 
7.07946e-01 8.61081e+02 1.73019e-07 3.27486e-03 3.43591e-03 1.00000e+00 1.00000e+00 1.00000e+00 1.00000e+00 1.12468e-17 9.12627e-27 9.12730e-27 
7.94328e-01 8.59109e+02 2.19292e-07 2.91352e-03 3.07445e-03 1.00000e+00 1.00000e+00 1.00000e+00 1.00000e+00 1.12468e-17 9.57805e-27 9.57825e-27 
8.91251e-01 8.57460e+02 2.75956e-07 2.58932e-03 2.75014e-03 1.00000e+00 1.00000e+00 1.00000e+00 1.00000e+00 1.12468e-17 1.00458e-26 1.00461e-26 
1.00000e+00 8.56564e+02 3.44468e-07 2.29898e-03 2.45972e-03 1.00000e+00 1.00000e+00 1.00000e+00 1.00000e+00 1.12468e-17 1.05294e-26 1.05297e-26 
1.12202e+00 8.56897e+02 4.26205e-07 2.03942e-03 2.20006e-03 1.00000e+00 1.00000e+00 1.00000e+00 1.00000e+00 1.12468e-17 1.10283e-26 1.10284e-26 
1.25893e+00 8.58923e+02 5.22431e-07 1.80768e-03 1.96825e-03 1.00000e+00 1.00000e+00 1.00000e+00 1.00000e+00 1.12468e-17 1.15416e-26 1.15415e-26 
1.41254e+00 8.63036e+02 6.34305e-07 1.60099e-03 1.76149e-03 1.00000e+00 1.00000e+00 1.00000e+00 1.00000e+00 1.12468e-17 1.20686e-26 1.20688e-26 
1.58489e+00 8.69493e+02 7.62946e-07 1.41678e-03 1.57722e-03 1.00000e+00 1.00000e+00 1.00000e+00 1.00000e+00 1.12468e-17 1.26093e-26 1.26091e-26 
1.77828e+00 8.78555e+02 9.09410e-07 1.25265e-03 1.41304e-03 1.00000e+00 1.00000e+00 1.00000e+00 1.00000e+00 1.12468e-17 1.31631e-26 1.31628e-26 
1.99526e+00 8.90422e+02 1.07479e-06 1.10647e-03 1.26682e-03 1.00000e+00 1.00000e+00 1.00000e+00 1.00000e+00 1.12468e-17 1.37300e-26 1.37297e-26 
2.23872e+00 9.05283e+02 1.26024e-06 9.76317e-04 1.13662e-03 1.00000e+00 1.00000e+00 1.00000e+00 1.00000e+00 1.12468e-17 1.43105e-26 1.43103e-26 
2.51189e+00 9.23327e+02 1.46707e-06 8.60453e-04 1.02072e-03 1.00000e+00 1.00000e+00 1.00000e+00 1.00000e+00 1.12468e-17 1.49053e-26 1.49051e-26 
2.81838e+00 9.44763e+02 1.69676e-06 7.57335e-04 9.17567e-04 1.00000e+00 1.00000e+00 1.00000e+00 1.00000e+00 1.12468e-17 1.55156e-26 1.55158e-26 
3.16228e+00 9.69788e+02 1.95109e-06 6.65604e-04 8.25805e-04 1.00000e+00 1.00000e+00 1.00000e+00 1.00000e+00 1.12468e-17 1.61434e-26 1.61436e-26 
3.54813e+00 9.98649e+02 2.23209e-06 5.84036e-04 7.44210e-04 1.00000e+00 1.00000e+00 1.00000e+00 1.00000e+00 1.12468e-17 1.67909e-26 1.67911e-26 
3.98107e+00 1.03162e+03 2.54215e-06 5.11546e-04 6.71695e-04 1.00000e+00 1.00000e+00 1.00000e+00 1.00000e+00 1.12468e-17 1.74612e-26 1.74614e-26 
4.46684e+00 1.06901e+03 2.88404e-06 4.47169e-04 6.07296e-04 1.00000e+00 1.00000e+00 1.00000e+00 1.00000e+00 1.12468e-17 1.81579e-26 1.81581e-26 
5.01187e+00 1.11119e+03 3.26099e-06 3.90049e-04 5.50156e-04 1.00000e+00 1.00000e+00 1.00000e+00 1.00000e+00 1.12468e-17 1.88857e-26 1.88859e-26 
5.62341e+00 1.15855e+03 3.67666e-06 3.39422e-04 4.99511e-04 1.00000e+00 1.00000e+00 1.00000e+00 1.00000e+00 1.12468e-17 1.96500e-26 1.96498e-26 
6.30957e+00 1.21160e+03 4.13526e-06 2.94604e-04 4.54677e-04 1.00000e+00 1.00000e+00 1.00000e+00 1.00000e+00 1.12468e-17 2.04566e-26 2.04568e-26 
7.07946e+00 1.27085e+03 4.64158e-06 2.54992e-04 4.15050e-04 1.00000e+00 1.00000e+00 1.00000e+00 1.00000e+00 1.12468e-17 2.13133e-26 2.13134e-26 
7.94328e+00 1.33695e+03 5.20106e-06 2.20041e-04 3.80085e-04 1.00000e+00 1.00000e+00 1.00000e+00 1.00000e+00 1.12468e-17 2.22279e-26 2.22281e-26 
8.91251e+00 1.41058e+03 5.81984e-06 1.89267e-04 3.49298e-04 1.00000e+00 1.00000e+00 1.00000e+00 1.00000e+00 1.12468e-17 2.32096e-26 2.32097e-26 
1.00000e+01 1.49252e+03 6.50488e-06 1.62236e-04 3.22255e-04 1.00000e+00 1.00000e+00 1.00000e+00 1.00000e+00 1.12468e-17 2.42683e-26 2.42684e-26 
1.12202e+01 1.58365e+03 7.26400e-06 1.38558e-04 2.98565e-04 1.00000e+00 1.00000e+00 1.00000e+00 1.00000e+00 1.12468e-17 2.54147e-26 2.54148e-26 
1.25893e+01 1.68490e+03 8.10597e-06 1.17883e-04 2.77879e-04 1.00000e+00 1.00000e+00 1.00000e+00 1.00000e+00 1.12468e-17 2.66601e-26 2.66602e-26 
1.41254e+01 1.79730e+03 9.04065e-06 9.98962e-05 2.59881e-04 1.00000e+00 1.00000e+00 1.00000e+00 1.00000e+00 1.12468e-17 2.80159e-26 2.80159e-26 
1.58489e+01 1.92194e+03 1.00790e-05 8.43103e-05 2.44283e-04 1.00000e+00 1.00000e+00 1.00000e+00 1.00000e+00 1.12468e-17 2.94934e-26 2.94935e-26 
1.77828e+01 2.05996e+03 1.12332e-05 7.08655e-05 2.30826e-04 1.00000e+00 1.00000e+00 1.00000e+00 1.00000e+00 1.12468e-17 3.11034e-26 3.11034e-26 
1.99526e+01 2.21252e+03 1.25169e-05 5.93242e-05 2.19272e-04 1.00000e+00 1.00000e+00 1.00000e+00 1.00000e+00 1.12468e-17 3.28551e-26 3.28551e-26 
2.23872e+01 2.38079e+03 1.39448e-05 4.94684e-05 2.09402e-04 1.00000e+00 1.00000e+00 1.00000e+00 1.00000e+00 1.12468e-17 3.47561e-26 3.47561e-26 
2.51189e+01 2.56597e+03 1.55333e-05 4.10977e-05 2.01015e-04 1.00000e+00 1.00000e+00 1.00000e+00 1.00000e+00 1.12468e-17 3.68113e-26 3.68113e-26 
2.81838e+01 2.76920e+03 1.73006e-05 3.40277e-05 1.93927e-04 1.00000e+00 1.00000e+00 1.00000e+00 1.00000e+00 1.12468e-17 3.90226e-26 3.90226e-26 
3.16228e+01 2.99162e+03 1.92661e-05 2.80894e-05 1.87967e-04 1.00000e+00 1.00000e+00 1.00000e+00 1.00000e+00 1.12468e-17 4.13885e-26 4.13884e-26 
3.54813e+01 3.23436e+03 2.14513e-05 2.31284e-05 1.82981e-04 1.00000e+00 1.00000e+00 1.00000e+00 1.00000e+00 1.12468e-17 4.39036e-26 4.39036e-26 
3.98107e+01 3.49854e+03 2.38799e-05 1.90047e-05 1.78828e-04 1.00000e+00 1.00000e+00 1.00000e+00 1.00000e+00 1.12468e-17 4.65592e-26 4.65592e-26 
4.46684e+01 3.78535e+03 2.65776e-05 1.55930e-05 1.75382e-04 1.00000e+00 1.00000e+00 1.00000e+00 1.00000e+00 1.12468e-17 4.93433e-26 4.93433e-26 
5.01187e+01 4.09602e+03 2.95727e-05 1.27820e-05 1.72530e-04 1.00000e+00 1.00000e+00 1.00000e+00 1.00000e+00 1.12468e-17 5.22410e-26 5.22410e-26 
5.62341e+01 4.43195e+03 3.28963e-05 1.04740e-05 1.70173e-04 1.00000e+00 1.00000e+00 1.00000e+00 1.00000e+00 1.12468e-17 5.52354e-26 5.52354e-26 
6.30957e+01 4.79473e+03 3.65829e-05 8.58448e-06 1.68226e-04 1.00000e+00 1.00000e+00 1.00000e+00 1.00000e+00 1.12468e-17 5.83081e-26 5.83081e-26 
7.07946e+01 5.18617e+03 4.06706e-05 7.04112e-06 1.66613e-04 1.00000e+00 1.00000e+00 1.00000e+00 1.00000e+00 1.12468e-17 6.14403e-26 6.14403e-26 
7.94328e+01 5.60844e+03 4.52018e-05 5.78248e-06 1.65272e-04 1.00000e+00 1.00000e+00 1.00000e+00 1.00000e+00 1.12468e-17 6.46131e-26 6.46131e-26 
8.91251e+01 6.06404e+03 5.02237e-05 4.75701e-06 1.64149e-04 1.00000e+00 1.00000e+00 1.00000e+00 1.00000e+00 1.12468e-17 6.78087e-26 6.78087e-26 
1.00000e+02 6.55592e+03 5.57890e-05 3.92181e-06 1.63199e-04 1.00000e+00 1.00000e+00 1.00000e+00 1.00000e+00 1.12468e-17 7.10105e-26 7.10105e-26 
1.12202e+02 7.08751e+03 6.19567e-05 3.24142e-06 1.62382e-04 1.00000e+00 1.00000e+00 1.00000e+00 1.00000e+00 1.12468e-17 7.42038e-26 7.42038e-26 
1.25893e+02 7.66280e+03 6.87928e-05 2.68670e-06 1.61666e-04 1.00000e+00 1.00000e+00 1.00000e+00 1.00000e+00 1.12468e-17 7.73762e-26 7.73762e-26 
1.41254e+02 8.28637e+03 7.63715e-05 2.23387e-06 1.61024e-04 1.00000e+00 1.00000e+00 1.00000e+00 1.00000e+00 1.12468e-17 8.05176e-26 8.05176e-26 
1.58489e+02 8.96350e+03 8.47759e-05 1.86356e-06 1.60431e-04 1.00000e+00 1.00000e+00 1.00000e+00 1.00000e+00 1.12468e-17 8.36205e-26 8.36205e-26 
1.77828e+02 9.70022e+03 9.40995e-05 1.56008e-06 1.59867e-04 1.00000e+00 1.00000e+00 1.00000e+00 1.00000e+00 1.12468e-17 8.66802e-26 8.66802e-26 
1.99526e+02 1.05034e+04 1.04448e-04 1.31073e-06 1.59312e-04 1.00000e+00 1.00000e+00 1.00000e+00 1.00000e+00 1.12468e-17 8.96944e-26 8.96944e-26 
2.23872e+02 1.13808e+04 1.15938e-04 1.10527e-06 1.58751e-04 1.00000e+00 1.00000e+00 1.00000e+00 1.00000e+00 1.12468e-17 9.26636e-26 9.26636e-26 
2.51189e+02 1.23413e+04 1.28705e-04 9.35437e-07 1.58167e-04 1.00000e+00 1.00000e+00 1.00000e+00 1.00000e+00 1.12468e-17 9.55906e-26 9.55906e-26 
2.81838e+02 1.33950e+04 1.42897e-04 7.94586e-07 1.57546e-04 1.00000e+00 1.00000e+00 1.00000e+00 1.00000e+00 1.12468e-17 9.84810e-26 9.84810e-26 
3.16228e+02 1.45534e+04 1.58684e-04 6.77355e-07 1.56872e-04 1.00000e+00 1.00000e+00 1.00000e+00 1.00000e+00 1.12468e-17 1.01343e-25 1.01343e-25 
3.54813e+02 1.58296e+04 1.76257e-04 5.79423e-07 1.56131e-04 1.00000e+00 1.00000e+00 1.00000e+00 1.00000e+00 1.12468e-17 1.04186e-25 1.04186e-25 
3.98107e+02 1.72384e+04 1.95831e-04 4.97307e-07 1.55308e-04 1.00000e+00 1.00000e+00 1.00000e+00 1.00000e+00 1.12468e-17 1.07024e-25 1.07024e-25 
4.46684e+02 1.87970e+04 2.17650e-04 4.28190e-07 1.54388e-04 1.00000e+00 1.00000e+00 1.00000e+00 1.00000e+00 1.12468e-17 1.09872e-25 1.09872e-25 
5.01187e+02 2.05249e+04 2.41990e-04 3.69795e-07 1.53355e-04 1.00000e+00 1.00000e+00 1.00000e+00 1.00000e+00 1.12468e-17 1.12749e-25 1.12749e-25 
5.62341e+02 2.24447e+04 2.69163e-04 3.20275e-07 1.52194e-04 1.00000e+00 1.00000e+00 1.00000e+00 1.00000e+00 1.12468e-17 1.15674e-25 1.15674e-25 
6.30957e+02 2.45826e+04 2.99524e-04 2.78128e-07 1.50888e-04 1.00000e+00 1.00000e+00 1.00000e+00 1.00000e+00 1.12468e-17 1.18673e-25 1.18673e-25 
7.07946e+02 2.69686e+04 3.33477e-04 2.42128e-07 1.49420e-04 1.00000e+00 1.00000e+00 1.00000e+00 1.00000e+00 1.12468e-17 1.21773e-25 1.21773e-25 
7.94328e+02 2.96379e+04 3.71482e-04 2.11274e-07 1.47775e-04 1.00000e+00 1.00000e+00 1.00000e+00 1.00000e+00 1.12468e-17 1.25005e-25 1.25005e-25 
8.91251e+02 3.26315e+04 4.14061e-04 1.84745e-07 1.45937e-04 1.00000e+00 1.00000e+00 1.00000e+00 1.00000e+00 1.12468e-17 1.28405e-25 1.28405e-25 
1.00000e+03 3.59974e+04 4.61813e-04 1.61864e-07 1.43889e-04 1.00000e+00 1.00000e+00 1.00000e+00 1.00000e+00 1.12468e-17 1.32013e-25 1.32013e-25 
1.12202e+03 3.97919e+04 5.15424e-04 1.42071e-07 1.41620e-04 1.00000e+00 1.00000e+00 1.00000e+00 1.00000e+00 1.12468e-17 1.35876e-25 1.35876e-25 
1.25893e+03 4.40818e+04 5.75677e-04 1.24903e-07 1.39117e-04 1.00000e+00 1.00000e+00 1.00000e+00 1.00000e+00 1.12468e-17 1.40045e-25 1.40045e-25 
1.41254e+03 4.89459e+04 6.43474e-04 1.09973e-07 1.36371e-04 1.00000e+00 1.00000e+00 1.00000e+00 1.00000e+00 1.12468e-17 1.44580e-25 1.44580e-25 
1.58489e+03 5.44784e+04 7.19852e-04 9.69592e-08 1.33378e-04 1.00000e+00 1.00000e+00 1.00000e+00 1.00000e+00 1.12468e-17 1.49551e-25 1.49551e-25 
1.77828e+03 6.07916e+04 8.06008e-04 8.55904e-08 1.30135e-04 1.00000e+00 1.00000e+00 1.00000e+00 1.00000e+00 1.12468e-17 1.55034e-25 1.55034e-25 
1.99526e+03 6.80208e+04 9.03324e-04 7.56383e-08 1.26646e-04 1.00000e+00 1.00000e+00 1.00000e+00 1.00000e+00 1.12468e-17 1.61121e-25 1.61121e-25 
2.23872e+03 7.63293e+04 1.01340e-03 6.69101e-08 1.22919e-04 1.00000e+00 1.00000e+00 1.00000e+00 1.00000e+00 1.12468e-17 1.67917e-25 1.67917e-25 
2.51189e+03 8.59155e+04 1.13810e-03 5.92420e-08 1.18966e-04 1.00000e+00 1.00000e+00 1.00000e+00 1.00000e+00 1.12468e-17 1.75545e-25 1.75545e-25 
2.81838e+03 9.70218e+04 1.27957e-03 5.24946e-08 1.14806e-04 1.00000e+00 1.00000e+00 1.00000e+00 1.00000e+00 1.12468e-17 1.84146e-25 1.84146e-25 
3.16228e+03 1.09945e+05 1.44034e-03 4.65488e-08 1.10463e-04 1.00000e+00 1.00000e+00 1.00000e+00 1.00000e+00 1.12468e-17 1.93889e-25 1.93889e-25 
3.54813e+03 1.25052e+05 1.62334e-03 4.13024e-08 1.05962e-04 1.00000e+00 1.00000e+00 1.00000e+00 1.00000e+00 1.12468e-17 2.04972e-25 2.04972e-25 
3.98107e+03 1.42796e+05 1.83200e-03 3.66674e-08 1.01336e-04 1.00000e+00 1.00000e+00 1.00000e+00 1.00000e+00 1.12468e-17 2.17629e-25 2.17629e-25 
4.46684e+03 1.63736e+05 2.07029e-03 3.25682e-08 9.66177e-05 1.00000e+00 1.00000e+00 1.00000e+00 1.00000e+00 1.12468e-17 2.32140e-25 2.32140e-25 
5.01187e+03 1.88564e+05 2.34283e-03 2.89390e-08 9.18420e-05 1.00000e+00 1.00000e+00 1.00000e+00 1.00000e+00 1.12468e-17 2.48832e-25 2.48832e-25 
5.62341e+03 2.18123e+05 2.65490e-03 2.57230e-08 8.70436e-05 1.00000e+00 1.00000e+00 1.00000e+00 1.00000e+00 1.12468e-17 2.68097e-25 2.68097e-25 
6.30957e+03 2.53416e+05 3.01244e-03 2.28705e-08 8.22556e-05 1.00000e+00 1.00000e+00 1.00000e+00 1.00000e+00 1.12468e-17 2.90388e-25 2.90388e-25 
7.07946e+03 2.95601e+05 3.42193e-03 2.03385e-08 7.75077e-05 1.00000e+00 1.00000e+00 1.00000e+00 1.00000e+00 1.12468e-17 3.16228e-25 3.16228e-25 
7.94328e+03 3.45928e+05 3.89018e-03 1.80891e-08 7.28252e-05 1.00000e+00 1.00000e+00 1.00000e+00 1.00000e+00 1.12468e-17 3.46202e-25 3.46202e-25 
8.91251e+03 4.05649e+05 4.42399e-03 1.60892e-08 6.82284e-05 1.00000e+00 1.00000e+00 1.00000e+00 1.00000e+00 1.12468e-17 3.80951e-25 3.80951e-25 
1.00000e+04 4.75909e+05 5.03000e-03 1.43101e-08 6.37335e-05 1.00000e+00 1.00000e+00 1.00000e+00 1.00000e+00 1.12468e-17 4.21168e-25 4.21168e-25 
1.12202e+04 5.57698e+05 5.71475e-03 1.27264e-08 5.93550e-05 1.00000e+00 1.00000e+00 1.00000e+00 1.00000e+00 1.12468e-17 4.67618e-25 4.67618e-25 
1.25893e+04 6.51903e+05 6.48513e-03 1.13162e-08 5.51077e-05 1.00000e+00 1.00000e+00 1.00000e+00 1.00000e+00 1.12468e-17 5.21178e-25 5.21178e-25 
1.41254e+04 7.59452e+05 7.34897e-03 1.00602e-08 5.10076e-05 1.00000e+00 1.00000e+00 1.00000e+00 1.00000e+00 1.12468e-17 5.82899e-25 5.82899e-25 
1.58489e+04 8.81465e+05 8.31551e-03 8.94152e-09 4.70712e-05 1.00000e+00 1.00000e+00 1.00000e+00 1.00000e+00 1.12468e-17 6.54067e-25 6.54067e-25 
1.77828e+04 1.01937e+06 9.39566e-03 7.94505e-09 4.33139e-05 1.00000e+00 1.00000e+00 1.00000e+00 1.00000e+00 1.12468e-17 7.36258e-25 7.36258e-25 
1.99526e+04 1.17497e+06 1.06021e-02 7.05749e-09 3.97487e-05 1.00000e+00 1.00000e+00 1.00000e+00 1.00000e+00 1.12468e-17 8.31400e-25 8.31400e-25 
2.23872e+04 1.35049e+06 1.19494e-02 6.26698e-09 3.63852e-05 1.00000e+00 1.00000e+00 1.00000e+00 1.00000e+00 1.12468e-17 9.41839e-25 9.41839e-25 
2.51189e+04 1.54864e+06 1.34539e-02 5.56292e-09 3.32290e-05 1.00000e+00 1.00000e+00 1.00000e+00 1.00000e+00 1.12468e-17 1.07042e-24 1.07042e-24 
2.81838e+04 1.77263e+06 1.51341e-02 4.93588e-09 3.02823e-05 1.00000e+00 1.00000e+00 1.00000e+00 1.00000e+00 1.12468e-17 1.22060e-24 1.22060e-24 
3.16228e+04 2.02627e+06 1.70102e-02 4.37745e-09 2.75439e-05 1.00000e+00 1.00000e+00 1.00000e+00 1.00000e+00 1.12468e-17 1.39657e-24 1.39657e-24 
3.54813e+04 2.31406e+06 1.91049e-02 3.88012e-09 2.50098e-05 1.00000e+00 1.00000e+00 1.00000e+00 1.00000e+00 1.12468e-17 1.60340e-24 1.60340e-24 
3.98107e+04 2.64128e+06 2.14430e-02 3.43722e-09 2.26738e-05 1.00000e+00 1.00000e+00 1.00000e+00 1.00000e+00 1.12468e-17 1.84728e-24 1.84728e-24 
4.46684e+04 3.01413e+06 2.40519e-02 3.04282e-09 2.05278e-05 1.00000e+00 1.00000e+00 1.00000e+00 1.00000e+00 1.12468e-17 2.13574e-24 2.13574e-24 
5.01187e+04 3.43995e+06 2.69613e-02 2.69160e-09 1.85624e-05 1.00000e+00 1.00000e+00 1.00000e+00 1.00000e+00 1.12468e-17 2.47790e-24 2.47790e-24 
5.62341e+04 3.92736e+06 3.02033e-02 2.37888e-09 1.67675e-05 1.00000e+00 1.00000e+00 1.00000e+00 1.00000e+00 1.12468e-17 2.88493e-24 2.88493e-24 
6.30957e+04 4.48658e+06 3.38127e-02 2.10047e-09 1.51323e-05 1.00000e+00 1.00000e+00 1.00000e+00 1.00000e+00 1.12468e-17 3.37037e-24 3.37037e-24 
7.07946e+04 5.12972e+06 3.78267e-02 1.85263e-09 1.36460e-05 1.00000e+00 1.00000e+00 1.00000e+00 1.00000e+00 1.12468e-17 3.95075e-24 3.95075e-24 
7.94328e+04 5.87119e+06 4.22845e-02 1.63205e-09 1.22976e-05 1.00000e+00 1.00000e+00 1.00000e+00 1.00000e+00 1.12468e-17 4.64613e-24 4.64613e-24 
8.91251e+04 6.72823e+06 4.72270e-02 1.43580e-09 1.10766e-05 1.00000e+00 1.00000e+00 1.00000e+00 1.00000e+00 1.12468e-17 5.48090e-24 5.48090e-24 
1.00000e+05 7.72154e+06 5.26967e-02 1.26125e-09 9.97260e-06 1.00000e+00 1.00000e+00 1.00000e+00 1.00000e+00 1.12468e-17 6.48466e-24 6.48466e-24 
1.12202e+05 8.87607e+06 5.87364e-02 1.10608e-09 8.97580e-06 1.00000e+00 1.00000e+00 1.00000e+00 1.00000e+00 1.12468e-17 7.69327e-24 7.69327e-24 
1.25893e+05 1.02222e+07 6.53882e-02 9.68209e-10 8.07691e-06 1.00000e+00 1.00000e+00 1.00000e+00 1.00000e+00 1.12468e-17 9.15014e-24 9.15014e-24 
1.41254e+05 1.17973e+07 7.26930e-02 8.45814e-10 7.26723e-06 1.00000e+00 1.00000e+00 1.00000e+00 1.00000e+00 1.12468e-17 1.09078e-23 1.09078e-23 
1.58489e+05 1.36473e+07 8.06878e-02 7.37256e-10 6.53865e-06 1.00000e+00 1.00000e+00 1.00000e+00 1.00000e+00 1.12468e-17 1.30299e-23 1.30299e-23 
1.77828e+05 1.58301e+07 8.94047e-02 6.41083e-10 5.88366e-06 1.00000e+00 1.00000e+00 1.00000e+00 1.00000e+00 1.12468e-17 1.55937e-23 1.55937e-23 
1.99526e+05 1.84193e+07 9.88677e-02 5.56002e-10 5.29536e-06 1.00000e+00 1.00000e+00 1.00000e+00 1.00000e+00 1.12468e-17 1.86934e-23 1.86934e-23 
2.23872e+05 2.15103e+07 1.09091e-01 4.80865e-10 4.76746e-06 1.00000e+00 1.00000e+00 1.00000e+00 1.00000e+00 1.12468e-17 2.24457e-23 2.24457e-23 
2.51189e+05 2.52317e+07 1.20075e-01 4.14647e-10 4.29427e-06 1.00000e+00 1.00000e+00 1.00000e+00 1.00000e+00 1.12468e-17 2.69983e-23 2.69983e-23 
2.81838e+05 2.97612e+07 1.31803e-01 3.56435e-10 3.87069e-06 1.00000e+00 1.00000e+00 1.00000e+00 1.00000e+00 1.12468e-17 3.25441e-23 3.25441e-23 
3.16228e+05 3.53584e+07 1.44235e-01 3.05414e-10 3.49226e-06 1.00000e+00 1.00000e+00 1.00000e+00 1.00000e+00 1.12468e-17 3.93491e-23 3.93491e-23 
3.54813e+05 4.24329e+07 1.57298e-01 2.60864e-10 3.15523e-06 1.00000e+00 1.00000e+00 1.00000e+00 1.00000e+00 1.12468e-17 4.78133e-23 4.78133e-23 
3.98107e+05 5.17091e+07 1.70864e-01 2.22160e-10 2.85698e-06 1.00000e+00 1.00000e+00 1.00000e+00 1.00000e+00 1.12468e-17 5.86197e-23 5.86197e-23 
4.46684e+05 6.47500e+07 1.84669e-01 1.88817e-10 2.59709e-06 1.00000e+00 1.00000e+00 1.00000e+00 1.00000e+00 1.12468e-17 7.32106e-23 7.32106e-23 
5.01187e+05 8.67490e+07 1.97834e-01 1.60796e-10 2.38401e-06 1.00000e+00 1.00000e+00 1.00000e+00 1.00000e+00 1.12468e-17 9.62782e-23 9.62782e-23 
5.62341e+05 2.46991e+08 1.78520e-01 1.57436e-10 2.43033e-06 1.00000e+00 1.00000e+00 1.00000e+00 1.00000e+00 1.12468e-17 2.02648e-22 2.02294e-22 
6.30957e+05 3.45117e+08 1.75808e-01 1.42561e-10 2.24276e-06 1.00000e+00 1.00000e+00 1.00000e+00 1.00000e+00 1.12468e-17 2.32845e-22 2.32845e-22 
7.07946e+05 4.26727e+08 1.80213e-01 1.25425e-10 2.03191e-06 1.00000e+00 1.00000e+00 1.00000e+00 1.00000e+00 1.12468e-17 2.56418e-22 2.56418e-22 
7.94328e+05 5.08177e+08 1.87301e-01 1.09130e-10 1.83124e-06 1.00000e+00 1.00000e+00 1.00000e+00 1.00000e+00 1.12468e-17 2.78945e-22 2.78945e-22 
8.91251e+05 5.93439e+08 1.95991e-01 9.42781e-11 1.64585e-06 1.00000e+00 1.00000e+00 1.00000e+00 1.00000e+00 1.12468e-17 3.01626e-22 3.01626e-22 
1.00000e+06 6.84619e+08 2.05800e-01 8.09985e-11 1.47670e-06 1.00000e+00 1.00000e+00 1.00000e+00 1.00000e+00 1.12468e-17 3.24796e-22 3.24796e-22 
