         nH         pok         xH2        xHII          xe      chi_pe      chi_lw      chi_h2      chi_ci       xi_cr     nLambda       Gamma 
1.00000e-02 1.19462e+02 1.15598e-10 1.96937e-01 1.97160e-01 1.00000e+00 1.00000e+00 1.00000e+00 1.00000e+00 1.12468e-16 7.20391e-27 7.19105e-27 
1.12202e-02 1.32447e+02 1.32095e-10 1.87657e-01 1.87877e-01 1.00000e+00 1.00000e+00 1.00000e+00 1.00000e+00 1.12468e-16 7.44106e-27 7.43891e-27 
1.25893e-02 1.46832e+02 1.51025e-10 1.78422e-01 1.78639e-01 1.00000e+00 1.00000e+00 1.00000e+00 1.00000e+00 1.12468e-16 7.71982e-27 7.70034e-27 
1.41254e-02 1.62929e+02 1.72203e-10 1.70027e-01 1.70242e-01 1.00000e+00 1.00000e+00 1.00000e+00 1.00000e+00 1.12468e-16 7.94952e-27 7.96543e-27 
1.58489e-02 1.80790e+02 1.96453e-10 1.61655e-01 1.61866e-01 1.00000e+00 1.00000e+00 1.00000e+00 1.00000e+00 1.12468e-16 8.23002e-27 8.24599e-27 
1.77828e-02 2.00672e+02 2.23979e-10 1.53607e-01 1.53817e-01 1.00000e+00 1.00000e+00 1.00000e+00 1.00000e+00 1.12468e-16 8.52236e-27 8.53841e-27 
1.99526e-02 2.23174e+02 2.53977e-10 1.46802e-01 1.47009e-01 1.00000e+00 1.00000e+00 1.00000e+00 1.00000e+00 1.12468e-16 8.75643e-27 8.80836e-27 
2.23872e-02 2.47560e+02 2.90337e-10 1.38659e-01 1.38864e-01 1.00000e+00 1.00000e+00 1.00000e+00 1.00000e+00 1.12468e-16 9.14992e-27 9.15547e-27 
2.51189e-02 2.74827e+02 3.31131e-10 1.31096e-01 1.31298e-01 1.00000e+00 1.00000e+00 1.00000e+00 1.00000e+00 1.12468e-16 9.51754e-27 9.50066e-27 
2.81838e-02 3.05409e+02 3.76647e-10 1.24322e-01 1.24521e-01 1.00000e+00 1.00000e+00 1.00000e+00 1.00000e+00 1.12468e-16 9.85565e-27 9.84547e-27 
3.16228e-02 3.39498e+02 4.28199e-10 1.17829e-01 1.18027e-01 1.00000e+00 1.00000e+00 1.00000e+00 1.00000e+00 1.12468e-16 1.02141e-26 1.02051e-26 
3.54813e-02 3.77599e+02 4.86079e-10 1.11877e-01 1.12073e-01 1.00000e+00 1.00000e+00 1.00000e+00 1.00000e+00 1.12468e-16 1.05309e-26 1.05657e-26 
3.98107e-02 4.19682e+02 5.53224e-10 1.05497e-01 1.05691e-01 1.00000e+00 1.00000e+00 1.00000e+00 1.00000e+00 1.12468e-16 1.10115e-26 1.09792e-26 
4.46684e-02 4.66413e+02 6.28783e-10 9.99398e-02 1.00132e-01 1.00000e+00 1.00000e+00 1.00000e+00 1.00000e+00 1.12468e-16 1.13707e-26 1.13709e-26 
5.01187e-02 5.19381e+02 7.13057e-10 9.44137e-02 9.46039e-02 1.00000e+00 1.00000e+00 1.00000e+00 1.00000e+00 1.12468e-16 1.18132e-26 1.18036e-26 
5.62341e-02 5.77908e+02 8.09284e-10 8.92204e-02 8.94090e-02 1.00000e+00 1.00000e+00 1.00000e+00 1.00000e+00 1.12468e-16 1.22474e-26 1.22410e-26 
6.30957e-02 6.43096e+02 9.18335e-10 8.42582e-02 8.44452e-02 1.00000e+00 1.00000e+00 1.00000e+00 1.00000e+00 1.12468e-16 1.26956e-26 1.26946e-26 
7.07946e-02 7.15775e+02 1.04154e-09 7.96111e-02 7.97966e-02 1.00000e+00 1.00000e+00 1.00000e+00 1.00000e+00 1.12468e-16 1.31416e-26 1.31546e-26 
7.94328e-02 7.96621e+02 1.18161e-09 7.50826e-02 7.52666e-02 1.00000e+00 1.00000e+00 1.00000e+00 1.00000e+00 1.12468e-16 1.36210e-26 1.36385e-26 
8.91251e-02 8.86580e+02 1.34060e-09 7.07402e-02 7.09228e-02 1.00000e+00 1.00000e+00 1.00000e+00 1.00000e+00 1.12468e-16 1.41211e-26 1.41402e-26 
1.00000e-01 9.86634e+02 1.52115e-09 6.65824e-02 6.67637e-02 1.00000e+00 1.00000e+00 1.00000e+00 1.00000e+00 1.12468e-16 1.46405e-26 1.46590e-26 
1.12202e-01 1.09757e+03 1.72802e-09 6.23423e-02 6.25223e-02 1.00000e+00 1.00000e+00 1.00000e+00 1.00000e+00 1.12468e-16 1.52540e-26 1.52378e-26 
1.25893e-01 1.22137e+03 1.95980e-09 5.87946e-02 5.89734e-02 1.00000e+00 1.00000e+00 1.00000e+00 1.00000e+00 1.12468e-16 1.57324e-26 1.57471e-26 
1.41254e-01 1.35843e+03 2.22568e-09 5.51577e-02 5.53354e-02 1.00000e+00 1.00000e+00 1.00000e+00 1.00000e+00 1.12468e-16 1.63032e-26 1.63140e-26 
1.58489e-01 1.51014e+03 2.53027e-09 5.15387e-02 5.17152e-02 1.00000e+00 1.00000e+00 1.00000e+00 1.00000e+00 1.12468e-16 1.69322e-26 1.69279e-26 
1.77828e-01 1.67823e+03 2.87676e-09 4.82624e-02 4.84379e-02 1.00000e+00 1.00000e+00 1.00000e+00 1.00000e+00 1.12468e-16 1.75163e-26 1.75150e-26 
1.99526e-01 1.86376e+03 3.27399e-09 4.51346e-02 4.53090e-02 1.00000e+00 1.00000e+00 1.00000e+00 1.00000e+00 1.12468e-16 1.81113e-26 1.81119e-26 
2.23872e-01 2.06792e+03 3.73106e-09 4.21476e-02 4.23211e-02 1.00000e+00 1.00000e+00 1.00000e+00 1.00000e+00 1.12468e-16 1.87158e-26 1.87173e-26 
2.51189e-01 2.29164e+03 4.25958e-09 3.92937e-02 3.94663e-02 1.00000e+00 1.00000e+00 1.00000e+00 1.00000e+00 1.12468e-16 1.93284e-26 1.93299e-26 
2.81838e-01 2.53535e+03 4.87482e-09 3.65643e-02 3.67360e-02 1.00000e+00 1.00000e+00 1.00000e+00 1.00000e+00 1.12468e-16 1.99480e-26 1.99485e-26 
3.16228e-01 2.79856e+03 5.59770e-09 3.39503e-02 3.41212e-02 1.00000e+00 1.00000e+00 1.00000e+00 1.00000e+00 1.12468e-16 2.05736e-26 2.05723e-26 
3.54813e-01 3.07909e+03 6.45833e-09 3.14414e-02 3.16114e-02 1.00000e+00 1.00000e+00 1.00000e+00 1.00000e+00 1.12468e-16 2.12042e-26 2.12010e-26 
3.98107e-01 3.37218e+03 7.50200e-09 2.89954e-02 2.91647e-02 1.00000e+00 1.00000e+00 1.00000e+00 1.00000e+00 1.12468e-16 2.18476e-26 2.18550e-26 
4.46684e-01 3.66686e+03 8.80433e-09 2.66737e-02 2.68422e-02 1.00000e+00 1.00000e+00 1.00000e+00 1.00000e+00 1.12468e-16 2.24819e-26 2.24876e-26 
5.01187e-01 3.94530e+03 1.04920e-08 2.44254e-02 2.45932e-02 1.00000e+00 1.00000e+00 1.00000e+00 1.00000e+00 1.12468e-16 2.31130e-26 2.31180e-26 
5.62341e-01 4.18585e+03 1.27585e-08 2.22149e-02 2.23820e-02 1.00000e+00 1.00000e+00 1.00000e+00 1.00000e+00 1.12468e-16 2.37665e-26 2.37685e-26 
6.30957e-01 4.37077e+03 1.58723e-08 2.00770e-02 2.02434e-02 1.00000e+00 1.00000e+00 1.00000e+00 1.00000e+00 1.12468e-16 2.44230e-26 2.44274e-26 
7.07946e-01 4.49998e+03 2.01429e-08 1.80372e-02 1.82030e-02 1.00000e+00 1.00000e+00 1.00000e+00 1.00000e+00 1.12468e-16 2.50983e-26 2.50989e-26 
7.94328e-01 4.57747e+03 2.59923e-08 1.61250e-02 1.62901e-02 1.00000e+00 1.00000e+00 1.00000e+00 1.00000e+00 1.12468e-16 2.57835e-26 2.57837e-26 
8.91251e-01 4.60434e+03 3.40512e-08 1.43489e-02 1.45135e-02 1.00000e+00 1.00000e+00 1.00000e+00 1.00000e+00 1.12468e-16 2.64843e-26 2.64845e-26 
1.00000e+00 4.57980e+03 4.52656e-08 1.27116e-02 1.28757e-02 1.00000e+00 1.00000e+00 1.00000e+00 1.00000e+00 1.12468e-16 2.72021e-26 2.72046e-26 
1.12202e+00 4.50523e+03 6.10098e-08 1.12122e-02 1.13758e-02 1.00000e+00 1.00000e+00 1.00000e+00 1.00000e+00 1.12468e-16 2.79449e-26 2.79448e-26 
1.25893e+00 4.38499e+03 8.32512e-08 9.84932e-03 1.00125e-02 1.00000e+00 1.00000e+00 1.00000e+00 1.00000e+00 1.12468e-16 2.87109e-26 2.87111e-26 
1.41254e+00 4.22650e+03 1.14745e-07 8.62018e-03 8.78293e-03 1.00000e+00 1.00000e+00 1.00000e+00 1.00000e+00 1.12468e-16 2.95036e-26 2.95034e-26 
1.58489e+00 4.03999e+03 1.59215e-07 7.52033e-03 7.68272e-03 1.00000e+00 1.00000e+00 1.00000e+00 1.00000e+00 1.12468e-16 3.03237e-26 3.03234e-26 
1.77828e+00 3.83704e+03 2.21469e-07 6.54395e-03 6.70603e-03 1.00000e+00 1.00000e+00 1.00000e+00 1.00000e+00 1.12468e-16 3.11706e-26 3.11702e-26 
1.99526e+00 3.62950e+03 3.07332e-07 5.68379e-03 5.84560e-03 1.00000e+00 1.00000e+00 1.00000e+00 1.00000e+00 1.12468e-16 3.20417e-26 3.20413e-26 
2.23872e+00 3.42819e+03 4.23290e-07 4.93127e-03 5.09283e-03 1.00000e+00 1.00000e+00 1.00000e+00 1.00000e+00 1.12468e-16 3.29327e-26 3.29328e-26 
2.51189e+00 3.24131e+03 5.75957e-07 4.27653e-03 4.43788e-03 1.00000e+00 1.00000e+00 1.00000e+00 1.00000e+00 1.12468e-16 3.38382e-26 3.38396e-26 
2.81838e+00 3.07302e+03 7.71671e-07 3.70886e-03 3.87003e-03 1.00000e+00 1.00000e+00 1.00000e+00 1.00000e+00 1.12468e-16 3.47546e-26 3.47553e-26 
3.16228e+00 2.92455e+03 1.01599e-06 3.21730e-03 3.37831e-03 1.00000e+00 1.00000e+00 1.00000e+00 1.00000e+00 1.12468e-16 3.56782e-26 3.56774e-26 
3.54813e+00 2.79665e+03 1.31278e-06 2.79201e-03 2.95288e-03 1.00000e+00 1.00000e+00 1.00000e+00 1.00000e+00 1.12468e-16 3.66048e-26 3.66042e-26 
3.98107e+00 2.69038e+03 1.66351e-06 2.42444e-03 2.58518e-03 1.00000e+00 1.00000e+00 1.00000e+00 1.00000e+00 1.12468e-16 3.75302e-26 3.75317e-26 
4.46684e+00 2.60559e+03 2.06813e-06 2.10696e-03 2.26761e-03 1.00000e+00 1.00000e+00 1.00000e+00 1.00000e+00 1.12468e-16 3.84529e-26 3.84523e-26 
5.01187e+00 2.54143e+03 2.52579e-06 1.83237e-03 1.99292e-03 1.00000e+00 1.00000e+00 1.00000e+00 1.00000e+00 1.12468e-16 3.93695e-26 3.93690e-26 
5.62341e+00 2.49638e+03 3.03586e-06 1.59453e-03 1.75501e-03 1.00000e+00 1.00000e+00 1.00000e+00 1.00000e+00 1.12468e-16 4.02801e-26 4.02806e-26 
6.30957e+00 2.46891e+03 3.59840e-06 1.38823e-03 1.54863e-03 1.00000e+00 1.00000e+00 1.00000e+00 1.00000e+00 1.12468e-16 4.11865e-26 4.11868e-26 
7.07946e+00 2.45773e+03 4.21447e-06 1.20895e-03 1.36929e-03 1.00000e+00 1.00000e+00 1.00000e+00 1.00000e+00 1.12468e-16 4.20902e-26 4.20906e-26 
7.94328e+00 2.46173e+03 4.88641e-06 1.05290e-03 1.21319e-03 1.00000e+00 1.00000e+00 1.00000e+00 1.00000e+00 1.12468e-16 4.29945e-26 4.29948e-26 
8.91251e+00 2.48001e+03 5.61787e-06 9.16871e-04 1.07711e-03 1.00000e+00 1.00000e+00 1.00000e+00 1.00000e+00 1.12468e-16 4.39032e-26 4.39034e-26 
1.00000e+01 2.51192e+03 6.41384e-06 7.98135e-04 9.58325e-04 1.00000e+00 1.00000e+00 1.00000e+00 1.00000e+00 1.12468e-16 4.48213e-26 4.48211e-26 
1.12202e+01 2.55706e+03 7.28052e-06 6.94378e-04 8.54528e-04 1.00000e+00 1.00000e+00 1.00000e+00 1.00000e+00 1.12468e-16 4.57539e-26 4.57540e-26 
1.25893e+01 2.61518e+03 8.22534e-06 6.03648e-04 7.63761e-04 1.00000e+00 1.00000e+00 1.00000e+00 1.00000e+00 1.12468e-16 4.67078e-26 4.67075e-26 
1.41254e+01 2.68630e+03 9.25692e-06 5.24251e-04 6.84330e-04 1.00000e+00 1.00000e+00 1.00000e+00 1.00000e+00 1.12468e-16 4.76893e-26 4.76894e-26 
1.58489e+01 2.77059e+03 1.03851e-05 4.54757e-04 6.14804e-04 1.00000e+00 1.00000e+00 1.00000e+00 1.00000e+00 1.12468e-16 4.87064e-26 4.87066e-26 
1.77828e+01 2.86844e+03 1.16210e-05 3.93927e-04 5.53942e-04 1.00000e+00 1.00000e+00 1.00000e+00 1.00000e+00 1.12468e-16 4.97673e-26 4.97672e-26 
1.99526e+01 2.98041e+03 1.29770e-05 3.40687e-04 5.00673e-04 1.00000e+00 1.00000e+00 1.00000e+00 1.00000e+00 1.12468e-16 5.08804e-26 5.08803e-26 
2.23872e+01 3.10725e+03 1.44672e-05 2.94115e-04 4.54071e-04 1.00000e+00 1.00000e+00 1.00000e+00 1.00000e+00 1.12468e-16 5.20548e-26 5.20547e-26 
2.51189e+01 3.24988e+03 1.61070e-05 2.53407e-04 4.13333e-04 1.00000e+00 1.00000e+00 1.00000e+00 1.00000e+00 1.12468e-16 5.33000e-26 5.32998e-26 
2.81838e+01 3.40941e+03 1.79140e-05 2.17864e-04 3.77759e-04 1.00000e+00 1.00000e+00 1.00000e+00 1.00000e+00 1.12468e-16 5.46252e-26 5.46253e-26 
3.16228e+01 3.58709e+03 1.99074e-05 1.86876e-04 3.46738e-04 1.00000e+00 1.00000e+00 1.00000e+00 1.00000e+00 1.12468e-16 5.60401e-26 5.60402e-26 
3.54813e+01 3.78437e+03 2.21089e-05 1.59907e-04 3.19735e-04 1.00000e+00 1.00000e+00 1.00000e+00 1.00000e+00 1.12468e-16 5.75535e-26 5.75534e-26 
3.98107e+01 4.00286e+03 2.45425e-05 1.36488e-04 2.96278e-04 1.00000e+00 1.00000e+00 1.00000e+00 1.00000e+00 1.12468e-16 5.91731e-26 5.91731e-26 
4.46684e+01 4.24432e+03 2.72347e-05 1.16204e-04 2.75951e-04 1.00000e+00 1.00000e+00 1.00000e+00 1.00000e+00 1.12468e-16 6.09056e-26 6.09056e-26 
5.01187e+01 4.51066e+03 3.02152e-05 9.86872e-05 2.58387e-04 1.00000e+00 1.00000e+00 1.00000e+00 1.00000e+00 1.12468e-16 6.27556e-26 6.27556e-26 
5.62341e+01 4.80394e+03 3.35166e-05 8.36107e-05 2.43256e-04 1.00000e+00 1.00000e+00 1.00000e+00 1.00000e+00 1.12468e-16 6.47256e-26 6.47255e-26 
6.30957e+01 5.12638e+03 3.71752e-05 7.06813e-05 2.30264e-04 1.00000e+00 1.00000e+00 1.00000e+00 1.00000e+00 1.12468e-16 6.68147e-26 6.68147e-26 
7.07946e+01 5.48035e+03 4.12309e-05 5.96358e-05 2.19145e-04 1.00000e+00 1.00000e+00 1.00000e+00 1.00000e+00 1.12468e-16 6.90196e-26 6.90196e-26 
7.94328e+01 5.86841e+03 4.57279e-05 5.02369e-05 2.09661e-04 1.00000e+00 1.00000e+00 1.00000e+00 1.00000e+00 1.12468e-16 7.13335e-26 7.13334e-26 
8.91251e+01 6.29334e+03 5.07153e-05 4.22701e-05 2.01595e-04 1.00000e+00 1.00000e+00 1.00000e+00 1.00000e+00 1.12468e-16 7.37465e-26 7.37465e-26 
1.00000e+02 6.75822e+03 5.62471e-05 3.55424e-05 1.94751e-04 1.00000e+00 1.00000e+00 1.00000e+00 1.00000e+00 1.12468e-16 7.62467e-26 7.62467e-26 
1.12202e+02 7.26645e+03 6.23835e-05 2.98802e-05 1.88951e-04 1.00000e+00 1.00000e+00 1.00000e+00 1.00000e+00 1.12468e-16 7.88202e-26 7.88202e-26 
1.25893e+02 7.82187e+03 6.91916e-05 2.51286e-05 1.84038e-04 1.00000e+00 1.00000e+00 1.00000e+00 1.00000e+00 1.12468e-16 8.14522e-26 8.14523e-26 
1.41254e+02 8.42885e+03 7.67461e-05 2.11505e-05 1.79871e-04 1.00000e+00 1.00000e+00 1.00000e+00 1.00000e+00 1.12468e-16 8.41284e-26 8.41284e-26 
1.58489e+02 9.09238e+03 8.51305e-05 1.78255e-05 1.76324e-04 1.00000e+00 1.00000e+00 1.00000e+00 1.00000e+00 1.12468e-16 8.68349e-26 8.68349e-26 
1.77828e+02 9.81817e+03 9.44385e-05 1.50494e-05 1.73288e-04 1.00000e+00 1.00000e+00 1.00000e+00 1.00000e+00 1.12468e-16 8.95598e-26 8.95598e-26 
1.99526e+02 1.06128e+04 1.04775e-04 1.27322e-05 1.70667e-04 1.00000e+00 1.00000e+00 1.00000e+00 1.00000e+00 1.12468e-16 9.22936e-26 9.22936e-26 
2.23872e+02 1.14837e+04 1.16259e-04 1.07975e-05 1.68377e-04 1.00000e+00 1.00000e+00 1.00000e+00 1.00000e+00 1.12468e-16 9.50294e-26 9.50294e-26 
2.51189e+02 1.24395e+04 1.29023e-04 9.18064e-06 1.66348e-04 1.00000e+00 1.00000e+00 1.00000e+00 1.00000e+00 1.12468e-16 9.77633e-26 9.77633e-26 
2.81838e+02 1.34901e+04 1.43216e-04 7.82740e-06 1.64515e-04 1.00000e+00 1.00000e+00 1.00000e+00 1.00000e+00 1.12468e-16 1.00494e-25 1.00494e-25 
3.16228e+02 1.46467e+04 1.59008e-04 6.69261e-06 1.62825e-04 1.00000e+00 1.00000e+00 1.00000e+00 1.00000e+00 1.12468e-16 1.03225e-25 1.03225e-25 
3.54813e+02 1.59223e+04 1.76590e-04 5.73879e-06 1.61229e-04 1.00000e+00 1.00000e+00 1.00000e+00 1.00000e+00 1.12468e-16 1.05962e-25 1.05962e-25 
3.98107e+02 1.73316e+04 1.96176e-04 4.93499e-06 1.59686e-04 1.00000e+00 1.00000e+00 1.00000e+00 1.00000e+00 1.12468e-16 1.08712e-25 1.08712e-25 
4.46684e+02 1.88916e+04 2.18010e-04 4.25566e-06 1.58157e-04 1.00000e+00 1.00000e+00 1.00000e+00 1.00000e+00 1.12468e-16 1.11489e-25 1.11489e-25 
5.01187e+02 2.06218e+04 2.42369e-04 3.67982e-06 1.56609e-04 1.00000e+00 1.00000e+00 1.00000e+00 1.00000e+00 1.12468e-16 1.14307e-25 1.14307e-25 
5.62341e+02 2.25448e+04 2.69564e-04 3.19017e-06 1.55009e-04 1.00000e+00 1.00000e+00 1.00000e+00 1.00000e+00 1.12468e-16 1.17185e-25 1.17185e-25 
6.30957e+02 2.46867e+04 2.99951e-04 2.77252e-06 1.53329e-04 1.00000e+00 1.00000e+00 1.00000e+00 1.00000e+00 1.12468e-16 1.20145e-25 1.20145e-25 
7.07946e+02 2.70775e+04 3.33934e-04 2.41516e-06 1.51542e-04 1.00000e+00 1.00000e+00 1.00000e+00 1.00000e+00 1.12468e-16 1.23214e-25 1.23214e-25 
7.94328e+02 2.97525e+04 3.71972e-04 2.10845e-06 1.49623e-04 1.00000e+00 1.00000e+00 1.00000e+00 1.00000e+00 1.12468e-16 1.26421e-25 1.26421e-25 
8.91251e+02 3.27526e+04 4.14588e-04 1.84443e-06 1.47549e-04 1.00000e+00 1.00000e+00 1.00000e+00 1.00000e+00 1.12468e-16 1.29800e-25 1.29800e-25 
1.00000e+03 3.61259e+04 4.62382e-04 1.61649e-06 1.45299e-04 1.00000e+00 1.00000e+00 1.00000e+00 1.00000e+00 1.12468e-16 1.33392e-25 1.33392e-25 
1.12202e+03 3.99290e+04 5.16038e-04 1.41918e-06 1.42854e-04 1.00000e+00 1.00000e+00 1.00000e+00 1.00000e+00 1.12468e-16 1.37242e-25 1.37242e-25 
1.25893e+03 4.42285e+04 5.76342e-04 1.24794e-06 1.40199e-04 1.00000e+00 1.00000e+00 1.00000e+00 1.00000e+00 1.12468e-16 1.41401e-25 1.41401e-25 
1.41254e+03 4.91034e+04 6.44195e-04 1.09895e-06 1.37322e-04 1.00000e+00 1.00000e+00 1.00000e+00 1.00000e+00 1.12468e-16 1.45928e-25 1.45928e-25 
1.58489e+03 5.46480e+04 7.20635e-04 9.69029e-07 1.34214e-04 1.00000e+00 1.00000e+00 1.00000e+00 1.00000e+00 1.12468e-16 1.50892e-25 1.50892e-25 
1.77828e+03 6.09750e+04 8.06858e-04 8.55495e-07 1.30871e-04 1.00000e+00 1.00000e+00 1.00000e+00 1.00000e+00 1.12468e-16 1.56371e-25 1.56371e-25 
1.99526e+03 6.82196e+04 9.04247e-04 7.56085e-07 1.27295e-04 1.00000e+00 1.00000e+00 1.00000e+00 1.00000e+00 1.12468e-16 1.62455e-25 1.62455e-25 
2.23872e+03 7.65455e+04 1.01440e-03 6.68882e-07 1.23492e-04 1.00000e+00 1.00000e+00 1.00000e+00 1.00000e+00 1.12468e-16 1.69249e-25 1.69249e-25 
2.51189e+03 8.61514e+04 1.13919e-03 5.92258e-07 1.19472e-04 1.00000e+00 1.00000e+00 1.00000e+00 1.00000e+00 1.12468e-16 1.76875e-25 1.76875e-25 
2.81838e+03 9.72797e+04 1.28076e-03 5.24826e-07 1.15254e-04 1.00000e+00 1.00000e+00 1.00000e+00 1.00000e+00 1.12468e-16 1.85476e-25 1.85476e-25 
3.16228e+03 1.10228e+05 1.44163e-03 4.65398e-07 1.10859e-04 1.00000e+00 1.00000e+00 1.00000e+00 1.00000e+00 1.12468e-16 1.95220e-25 1.95220e-25 
3.54813e+03 1.25363e+05 1.62474e-03 4.12955e-07 1.06314e-04 1.00000e+00 1.00000e+00 1.00000e+00 1.00000e+00 1.12468e-16 2.06304e-25 2.06304e-25 
3.98107e+03 1.43139e+05 1.83351e-03 3.66622e-07 1.01648e-04 1.00000e+00 1.00000e+00 1.00000e+00 1.00000e+00 1.12468e-16 2.18964e-25 2.18964e-25 
4.46684e+03 1.64115e+05 2.07193e-03 3.25641e-07 9.68947e-05 1.00000e+00 1.00000e+00 1.00000e+00 1.00000e+00 1.12468e-16 2.33477e-25 2.33477e-25 
5.01187e+03 1.88982e+05 2.34459e-03 2.89358e-07 9.20880e-05 1.00000e+00 1.00000e+00 1.00000e+00 1.00000e+00 1.12468e-16 2.50174e-25 2.50174e-25 
5.62341e+03 2.18584e+05 2.65678e-03 2.57204e-07 8.72621e-05 1.00000e+00 1.00000e+00 1.00000e+00 1.00000e+00 1.12468e-16 2.69442e-25 2.69442e-25 
6.30957e+03 2.53923e+05 3.01443e-03 2.28685e-07 8.24496e-05 1.00000e+00 1.00000e+00 1.00000e+00 1.00000e+00 1.12468e-16 2.91737e-25 2.91737e-25 
7.07946e+03 2.96152e+05 3.42401e-03 2.03368e-07 7.76800e-05 1.00000e+00 1.00000e+00 1.00000e+00 1.00000e+00 1.12468e-16 3.17580e-25 3.17580e-25 
7.94328e+03 3.46520e+05 3.89231e-03 1.80877e-07 7.29780e-05 1.00000e+00 1.00000e+00 1.00000e+00 1.00000e+00 1.12468e-16 3.47556e-25 3.47556e-25 
8.91251e+03 4.06272e+05 4.42613e-03 1.60881e-07 6.83637e-05 1.00000e+00 1.00000e+00 1.00000e+00 1.00000e+00 1.12468e-16 3.82304e-25 3.82304e-25 
1.00000e+04 4.76551e+05 5.03209e-03 1.43091e-07 6.38531e-05 1.00000e+00 1.00000e+00 1.00000e+00 1.00000e+00 1.12468e-16 4.22518e-25 4.22518e-25 
1.12202e+04 5.58341e+05 5.71674e-03 1.27255e-07 5.94607e-05 1.00000e+00 1.00000e+00 1.00000e+00 1.00000e+00 1.12468e-16 4.68961e-25 4.68961e-25 
1.25893e+04 6.52530e+05 6.48696e-03 1.13155e-07 5.52010e-05 1.00000e+00 1.00000e+00 1.00000e+00 1.00000e+00 1.12468e-16 5.22512e-25 5.22512e-25 
1.41254e+04 7.60045e+05 7.35061e-03 1.00596e-07 5.10899e-05 1.00000e+00 1.00000e+00 1.00000e+00 1.00000e+00 1.12468e-16 5.84221e-25 5.84221e-25 
1.58489e+04 8.82007e+05 8.31693e-03 8.94093e-08 4.71439e-05 1.00000e+00 1.00000e+00 1.00000e+00 1.00000e+00 1.12468e-16 6.55374e-25 6.55374e-25 
1.77828e+04 1.01984e+06 9.39682e-03 7.94453e-08 4.33782e-05 1.00000e+00 1.00000e+00 1.00000e+00 1.00000e+00 1.12468e-16 7.37547e-25 7.37547e-25 
1.99526e+04 1.17534e+06 1.06030e-02 7.05703e-08 3.98057e-05 1.00000e+00 1.00000e+00 1.00000e+00 1.00000e+00 1.12468e-16 8.32665e-25 8.32665e-25 
2.23872e+04 1.35073e+06 1.19499e-02 6.26658e-08 3.64356e-05 1.00000e+00 1.00000e+00 1.00000e+00 1.00000e+00 1.12468e-16 9.43070e-25 9.43070e-25 
2.51189e+04 1.54869e+06 1.34540e-02 5.56257e-08 3.32737e-05 1.00000e+00 1.00000e+00 1.00000e+00 1.00000e+00 1.12468e-16 1.07161e-24 1.07161e-24 
2.81838e+04 1.77244e+06 1.51335e-02 4.93557e-08 3.03220e-05 1.00000e+00 1.00000e+00 1.00000e+00 1.00000e+00 1.12468e-16 1.22173e-24 1.22173e-24 
3.16228e+04 2.02579e+06 1.70089e-02 4.37717e-08 2.75793e-05 1.00000e+00 1.00000e+00 1.00000e+00 1.00000e+00 1.12468e-16 1.39761e-24 1.39761e-24 
3.54813e+04 2.31324e+06 1.91029e-02 3.87988e-08 2.50415e-05 1.00000e+00 1.00000e+00 1.00000e+00 1.00000e+00 1.12468e-16 1.60435e-24 1.60435e-24 
3.98107e+04 2.64007e+06 2.14403e-02 3.43701e-08 2.27023e-05 1.00000e+00 1.00000e+00 1.00000e+00 1.00000e+00 1.12468e-16 1.84812e-24 1.84812e-24 
4.46684e+04 3.01274e+06 2.40489e-02 3.04263e-08 2.05537e-05 1.00000e+00 1.00000e+00 1.00000e+00 1.00000e+00 1.12468e-16 2.13649e-24 2.13649e-24 
5.01187e+04 3.43850e+06 2.69582e-02 2.69144e-08 1.85863e-05 1.00000e+00 1.00000e+00 1.00000e+00 1.00000e+00 1.12468e-16 2.47863e-24 2.47863e-24 
5.62341e+04 3.92635e+06 3.02011e-02 2.37874e-08 1.67898e-05 1.00000e+00 1.00000e+00 1.00000e+00 1.00000e+00 1.12468e-16 2.88577e-24 2.88577e-24 
6.30957e+04 4.48672e+06 3.38127e-02 2.10034e-08 1.51536e-05 1.00000e+00 1.00000e+00 1.00000e+00 1.00000e+00 1.12468e-16 3.37161e-24 3.37161e-24 
7.07946e+04 5.13209e+06 3.78305e-02 1.85250e-08 1.36666e-05 1.00000e+00 1.00000e+00 1.00000e+00 1.00000e+00 1.12468e-16 3.95282e-24 3.95282e-24 
7.94328e+04 5.87772e+06 4.22948e-02 1.63193e-08 1.23179e-05 1.00000e+00 1.00000e+00 1.00000e+00 1.00000e+00 1.12468e-16 4.64991e-24 4.64991e-24 
8.91251e+04 6.74173e+06 4.72475e-02 1.43567e-08 1.10970e-05 1.00000e+00 1.00000e+00 1.00000e+00 1.00000e+00 1.12468e-16 5.48780e-24 5.48780e-24 
1.00000e+05 7.74647e+06 5.27324e-02 1.26110e-08 9.99345e-06 1.00000e+00 1.00000e+00 1.00000e+00 1.00000e+00 1.12468e-16 6.49707e-24 6.49707e-24 
1.12202e+05 8.91945e+06 5.87944e-02 1.10591e-08 8.99749e-06 1.00000e+00 1.00000e+00 1.00000e+00 1.00000e+00 1.12468e-16 7.71523e-24 7.71523e-24 
1.25893e+05 1.02949e+07 6.54783e-02 9.68005e-09 8.09985e-06 1.00000e+00 1.00000e+00 1.00000e+00 1.00000e+00 1.12468e-16 9.18835e-24 9.18835e-24 
1.41254e+05 1.19164e+07 7.28280e-02 8.45564e-09 7.29187e-06 1.00000e+00 1.00000e+00 1.00000e+00 1.00000e+00 1.12468e-16 1.09735e-23 1.09735e-23 
1.58489e+05 1.38392e+07 8.08843e-02 7.36949e-09 6.56545e-06 1.00000e+00 1.00000e+00 1.00000e+00 1.00000e+00 1.12468e-16 1.31416e-23 1.31416e-23 
1.77828e+05 1.61355e+07 8.96824e-02 6.40710e-09 5.91313e-06 1.00000e+00 1.00000e+00 1.00000e+00 1.00000e+00 1.12468e-16 1.57814e-23 1.57814e-23 
1.99526e+05 1.89017e+07 9.92499e-02 5.55560e-09 5.32807e-06 1.00000e+00 1.00000e+00 1.00000e+00 1.00000e+00 1.12468e-16 1.90068e-23 1.90068e-23 
2.23872e+05 2.22714e+07 1.09603e-01 4.80354e-09 4.80412e-06 1.00000e+00 1.00000e+00 1.00000e+00 1.00000e+00 1.12468e-16 2.29676e-23 2.29676e-23 
2.51189e+05 2.64401e+07 1.20742e-01 4.14078e-09 4.33586e-06 1.00000e+00 1.00000e+00 1.00000e+00 1.00000e+00 1.12468e-16 2.78719e-23 2.78719e-23 
2.81838e+05 3.17030e+07 1.32639e-01 3.55839e-09 3.91853e-06 1.00000e+00 1.00000e+00 1.00000e+00 1.00000e+00 1.12468e-16 3.40210e-23 3.40210e-23 
3.16228e+05 3.85632e+07 1.45225e-01 3.04860e-09 3.54854e-06 1.00000e+00 1.00000e+00 1.00000e+00 1.00000e+00 1.12468e-16 4.19072e-23 4.19072e-23 
3.54813e+05 4.80133e+07 1.58341e-01 2.60505e-09 3.22424e-06 1.00000e+00 1.00000e+00 1.00000e+00 1.00000e+00 1.12468e-16 5.24725e-23 5.24725e-23 
3.98107e+05 6.26746e+07 1.71524e-01 2.22446e-09 2.94959e-06 1.00000e+00 1.00000e+00 1.00000e+00 1.00000e+00 1.12468e-16 6.81427e-23 6.81427e-23 
4.46684e+05 1.00612e+08 1.80903e-01 1.93194e-09 2.78009e-06 1.00000e+00 1.00000e+00 1.00000e+00 1.00000e+00 1.12468e-16 1.04202e-22 1.04230e-22 
5.01187e+05 2.49371e+08 1.58778e-01 1.89907e-09 2.77676e-06 1.00000e+00 1.00000e+00 1.00000e+00 1.00000e+00 1.12468e-16 1.86671e-22 1.86525e-22 
5.62341e+05 3.26765e+08 1.59472e-01 1.69604e-09 2.53718e-06 1.00000e+00 1.00000e+00 1.00000e+00 1.00000e+00 1.12468e-16 2.11340e-22 2.11340e-22 
6.30957e+05 3.99673e+08 1.64309e-01 1.49048e-09 2.29552e-06 1.00000e+00 1.00000e+00 1.00000e+00 1.00000e+00 1.12468e-16 2.32854e-22 2.32854e-22 
7.07946e+05 4.73732e+08 1.71413e-01 1.29800e-09 2.06780e-06 1.00000e+00 1.00000e+00 1.00000e+00 1.00000e+00 1.12468e-16 2.54009e-22 2.54009e-22 
7.94328e+05 5.51665e+08 1.80005e-01 1.12322e-09 1.85806e-06 1.00000e+00 1.00000e+00 1.00000e+00 1.00000e+00 1.12468e-16 2.75617e-22 2.75617e-22 
8.91251e+05 6.35052e+08 1.89707e-01 9.66950e-10 1.66690e-06 1.00000e+00 1.00000e+00 1.00000e+00 1.00000e+00 1.12468e-16 2.97930e-22 2.97930e-22 
1.00000e+06 7.25080e+08 2.00288e-01 8.28600e-10 1.49370e-06 1.00000e+00 1.00000e+00 1.00000e+00 1.00000e+00 1.12468e-16 3.21007e-22 3.21007e-22 
