         nH         pok         xH2        xHII          xe      chi_pe      chi_lw      chi_h2      chi_ci       xi_cr     nLambda       Gamma 
1.00000e-02 1.50116e+02 7.76527e-11 3.77395e-01 3.77676e-01 1.00000e+00 1.00000e+00 1.00000e+00 1.00000e+00 6.32456e-16 2.50418e-26 2.49640e-26 
1.12202e-02 1.65754e+02 8.99457e-11 3.63178e-01 3.63455e-01 1.00000e+00 1.00000e+00 1.00000e+00 1.00000e+00 6.32456e-16 2.58872e-26 2.58263e-26 
1.25893e-02 1.82956e+02 1.04139e-10 3.49224e-01 3.49496e-01 1.00000e+00 1.00000e+00 1.00000e+00 1.00000e+00 6.32456e-16 2.67025e-26 2.67075e-26 
1.41254e-02 2.02230e+02 1.20264e-10 3.35531e-01 3.35798e-01 1.00000e+00 1.00000e+00 1.00000e+00 1.00000e+00 6.32456e-16 2.76086e-26 2.76030e-26 
1.58489e-02 2.23456e+02 1.38852e-10 3.22085e-01 3.22348e-01 1.00000e+00 1.00000e+00 1.00000e+00 1.00000e+00 6.32456e-16 2.85107e-26 2.85170e-26 
1.77828e-02 2.46948e+02 1.60207e-10 3.08827e-01 3.09086e-01 1.00000e+00 1.00000e+00 1.00000e+00 1.00000e+00 6.32456e-16 2.94440e-26 2.94485e-26 
1.99526e-02 2.72979e+02 1.84685e-10 2.95827e-01 2.96081e-01 1.00000e+00 1.00000e+00 1.00000e+00 1.00000e+00 6.32456e-16 3.04614e-26 3.03972e-26 
2.23872e-02 3.01665e+02 2.12953e-10 2.82912e-01 2.83162e-01 1.00000e+00 1.00000e+00 1.00000e+00 1.00000e+00 6.32456e-16 3.13690e-26 3.13675e-26 
2.51189e-02 3.33960e+02 2.44348e-10 2.71167e-01 2.71414e-01 1.00000e+00 1.00000e+00 1.00000e+00 1.00000e+00 6.32456e-16 3.22979e-26 3.23496e-26 
2.81838e-02 3.69385e+02 2.81144e-10 2.58855e-01 2.59098e-01 1.00000e+00 1.00000e+00 1.00000e+00 1.00000e+00 6.32456e-16 3.34323e-26 3.33555e-26 
3.16228e-02 4.08914e+02 3.22448e-10 2.47510e-01 2.47749e-01 1.00000e+00 1.00000e+00 1.00000e+00 1.00000e+00 6.32456e-16 3.43137e-26 3.43731e-26 
3.54813e-02 4.52640e+02 3.70041e-10 2.36103e-01 2.36338e-01 1.00000e+00 1.00000e+00 1.00000e+00 1.00000e+00 6.32456e-16 3.53800e-26 3.54127e-26 
3.98107e-02 5.01179e+02 4.24333e-10 2.25012e-01 2.25244e-01 1.00000e+00 1.00000e+00 1.00000e+00 1.00000e+00 6.32456e-16 3.64622e-26 3.64706e-26 
4.46684e-02 5.55216e+02 4.85758e-10 2.14508e-01 2.14736e-01 1.00000e+00 1.00000e+00 1.00000e+00 1.00000e+00 6.32456e-16 3.74516e-26 3.75384e-26 
5.01187e-02 6.14908e+02 5.56824e-10 2.03797e-01 2.04022e-01 1.00000e+00 1.00000e+00 1.00000e+00 1.00000e+00 6.32456e-16 3.87621e-26 3.86407e-26 
5.62341e-02 6.81751e+02 6.35956e-10 1.94171e-01 1.94393e-01 1.00000e+00 1.00000e+00 1.00000e+00 1.00000e+00 6.32456e-16 3.96130e-26 3.97295e-26 
6.30957e-02 7.55624e+02 7.27394e-10 1.84341e-01 1.84560e-01 1.00000e+00 1.00000e+00 1.00000e+00 1.00000e+00 6.32456e-16 4.08472e-26 4.08558e-26 
7.07946e-02 8.37965e+02 8.30762e-10 1.75015e-01 1.75231e-01 1.00000e+00 1.00000e+00 1.00000e+00 1.00000e+00 6.32456e-16 4.19919e-26 4.19873e-26 
7.94328e-02 9.29415e+02 9.48196e-10 1.66085e-01 1.66298e-01 1.00000e+00 1.00000e+00 1.00000e+00 1.00000e+00 6.32456e-16 4.30040e-26 4.31236e-26 
8.91251e-02 1.03107e+03 1.08198e-09 1.57364e-01 1.57574e-01 1.00000e+00 1.00000e+00 1.00000e+00 1.00000e+00 6.32456e-16 4.41604e-26 4.42781e-26 
1.00000e-01 1.14371e+03 1.23553e-09 1.48643e-01 1.48851e-01 1.00000e+00 1.00000e+00 1.00000e+00 1.00000e+00 6.32456e-16 4.55817e-26 4.54713e-26 
1.12202e-01 1.26936e+03 1.40847e-09 1.40539e-01 1.40744e-01 1.00000e+00 1.00000e+00 1.00000e+00 1.00000e+00 6.32456e-16 4.67783e-26 4.66463e-26 
1.25893e-01 1.40916e+03 1.60476e-09 1.32756e-01 1.32958e-01 1.00000e+00 1.00000e+00 1.00000e+00 1.00000e+00 6.32456e-16 4.79567e-26 4.78237e-26 
1.41254e-01 1.56467e+03 1.82762e-09 1.25270e-01 1.25471e-01 1.00000e+00 1.00000e+00 1.00000e+00 1.00000e+00 6.32456e-16 4.91347e-26 4.90026e-26 
1.58489e-01 1.73843e+03 2.07765e-09 1.18411e-01 1.18609e-01 1.00000e+00 1.00000e+00 1.00000e+00 1.00000e+00 6.32456e-16 4.99481e-26 5.01257e-26 
1.77828e-01 1.93014e+03 2.36769e-09 1.11187e-01 1.11383e-01 1.00000e+00 1.00000e+00 1.00000e+00 1.00000e+00 6.32456e-16 5.14553e-26 5.13496e-26 
1.99526e-01 2.14411e+03 2.69317e-09 1.04670e-01 1.04863e-01 1.00000e+00 1.00000e+00 1.00000e+00 1.00000e+00 6.32456e-16 5.24940e-26 5.24896e-26 
2.23872e-01 2.38266e+03 3.06225e-09 9.83422e-02 9.85337e-02 1.00000e+00 1.00000e+00 1.00000e+00 1.00000e+00 6.32456e-16 5.36120e-26 5.36377e-26 
2.51189e-01 2.64716e+03 3.48363e-09 9.21687e-02 9.23582e-02 1.00000e+00 1.00000e+00 1.00000e+00 1.00000e+00 6.32456e-16 5.48260e-26 5.47917e-26 
2.81838e-01 2.94177e+03 3.95989e-09 8.64170e-02 8.66046e-02 1.00000e+00 1.00000e+00 1.00000e+00 1.00000e+00 6.32456e-16 5.58495e-26 5.58889e-26 
3.16228e-01 3.26751e+03 4.50541e-09 8.08085e-02 8.09944e-02 1.00000e+00 1.00000e+00 1.00000e+00 1.00000e+00 6.32456e-16 5.69774e-26 5.69826e-26 
3.54813e-01 3.63198e+03 5.12056e-09 7.54562e-02 7.56404e-02 1.00000e+00 1.00000e+00 1.00000e+00 1.00000e+00 6.32456e-16 5.80526e-26 5.80633e-26 
3.98107e-01 4.03560e+03 5.82162e-09 7.04173e-02 7.05999e-02 1.00000e+00 1.00000e+00 1.00000e+00 1.00000e+00 6.32456e-16 5.90172e-26 5.90801e-26 
4.46684e-01 4.48188e+03 6.62668e-09 6.53961e-02 6.55770e-02 1.00000e+00 1.00000e+00 1.00000e+00 1.00000e+00 6.32456e-16 6.02464e-26 6.01486e-26 
5.01187e-01 4.97894e+03 7.53347e-09 6.09653e-02 6.11448e-02 1.00000e+00 1.00000e+00 1.00000e+00 1.00000e+00 6.32456e-16 6.09239e-26 6.10255e-26 
5.62341e-01 5.52560e+03 8.58482e-09 5.63647e-02 5.65427e-02 1.00000e+00 1.00000e+00 1.00000e+00 1.00000e+00 6.32456e-16 6.21479e-26 6.20472e-26 
6.30957e-01 6.13291e+03 9.77239e-09 5.23776e-02 5.25543e-02 1.00000e+00 1.00000e+00 1.00000e+00 1.00000e+00 6.32456e-16 6.27240e-26 6.28170e-26 
7.07946e-01 6.79977e+03 1.11467e-08 4.84094e-02 4.85849e-02 1.00000e+00 1.00000e+00 1.00000e+00 1.00000e+00 6.32456e-16 6.35532e-26 6.36407e-26 
7.94328e-01 7.53125e+03 1.27342e-08 4.46435e-02 4.48178e-02 1.00000e+00 1.00000e+00 1.00000e+00 1.00000e+00 6.32456e-16 6.43435e-26 6.44178e-26 
8.91251e-01 8.32887e+03 1.45811e-08 4.10511e-02 4.12243e-02 1.00000e+00 1.00000e+00 1.00000e+00 1.00000e+00 6.32456e-16 6.51278e-26 6.51657e-26 
1.00000e+00 9.19124e+03 1.67500e-08 3.76217e-02 3.77938e-02 1.00000e+00 1.00000e+00 1.00000e+00 1.00000e+00 6.32456e-16 6.59026e-26 6.58919e-26 
1.12202e+00 1.01131e+04 1.93193e-08 3.45023e-02 3.46733e-02 1.00000e+00 1.00000e+00 1.00000e+00 1.00000e+00 6.32456e-16 6.64272e-26 6.64517e-26 
1.25893e+00 1.10706e+04 2.24585e-08 3.14050e-02 3.15751e-02 1.00000e+00 1.00000e+00 1.00000e+00 1.00000e+00 6.32456e-16 6.71117e-26 6.71084e-26 
1.41254e+00 1.20203e+04 2.64145e-08 2.85581e-02 2.87272e-02 1.00000e+00 1.00000e+00 1.00000e+00 1.00000e+00 6.32456e-16 6.76019e-26 6.76059e-26 
1.58489e+00 1.28547e+04 3.17622e-08 2.58115e-02 2.59797e-02 1.00000e+00 1.00000e+00 1.00000e+00 1.00000e+00 6.32456e-16 6.80595e-26 6.80616e-26 
1.77828e+00 1.33704e+04 3.97588e-08 2.30922e-02 2.32596e-02 1.00000e+00 1.00000e+00 1.00000e+00 1.00000e+00 6.32456e-16 6.85111e-26 6.85159e-26 
1.99526e+00 1.33939e+04 5.25142e-08 2.04140e-02 2.05805e-02 1.00000e+00 1.00000e+00 1.00000e+00 1.00000e+00 6.32456e-16 6.89546e-26 6.89565e-26 
2.23872e+00 1.30300e+04 7.22516e-08 1.78773e-02 1.80430e-02 1.00000e+00 1.00000e+00 1.00000e+00 1.00000e+00 6.32456e-16 6.94013e-26 6.94027e-26 
2.51189e+00 1.24108e+04 1.02245e-07 1.55524e-02 1.57173e-02 1.00000e+00 1.00000e+00 1.00000e+00 1.00000e+00 6.32456e-16 6.98538e-26 6.98545e-26 
2.81838e+00 1.15960e+04 1.48215e-07 1.34499e-02 1.36142e-02 1.00000e+00 1.00000e+00 1.00000e+00 1.00000e+00 6.32456e-16 7.03233e-26 7.03236e-26 
3.16228e+00 1.06451e+04 2.19162e-07 1.15706e-02 1.17343e-02 1.00000e+00 1.00000e+00 1.00000e+00 1.00000e+00 6.32456e-16 7.08184e-26 7.08188e-26 
3.54813e+00 9.62907e+03 3.28348e-07 9.91137e-03 1.00745e-02 1.00000e+00 1.00000e+00 1.00000e+00 1.00000e+00 6.32456e-16 7.13441e-26 7.13450e-26 
3.98107e+00 8.62055e+03 4.93692e-07 8.46533e-03 8.62800e-03 1.00000e+00 1.00000e+00 1.00000e+00 1.00000e+00 6.32456e-16 7.19022e-26 7.19026e-26 
4.46684e+00 7.68533e+03 7.36074e-07 7.22151e-03 7.38378e-03 1.00000e+00 1.00000e+00 1.00000e+00 1.00000e+00 6.32456e-16 7.24890e-26 7.24889e-26 
5.01187e+00 6.87125e+03 1.07478e-06 6.16458e-03 6.32650e-03 1.00000e+00 1.00000e+00 1.00000e+00 1.00000e+00 6.32456e-16 7.30962e-26 7.30954e-26 
5.62341e+00 6.19287e+03 1.52392e-06 5.27238e-03 5.43401e-03 1.00000e+00 1.00000e+00 1.00000e+00 1.00000e+00 6.32456e-16 7.37151e-26 7.37166e-26 
6.30957e+00 5.63232e+03 2.09350e-06 4.51932e-03 4.68069e-03 1.00000e+00 1.00000e+00 1.00000e+00 1.00000e+00 6.32456e-16 7.43419e-26 7.43410e-26 
7.07946e+00 5.17507e+03 2.78396e-06 3.88259e-03 4.04375e-03 1.00000e+00 1.00000e+00 1.00000e+00 1.00000e+00 6.32456e-16 7.49728e-26 7.49720e-26 
7.94328e+00 4.81548e+03 3.58319e-06 3.34494e-03 3.50592e-03 1.00000e+00 1.00000e+00 1.00000e+00 1.00000e+00 6.32456e-16 7.56004e-26 7.55998e-26 
8.91251e+00 4.54201e+03 4.47643e-06 2.89002e-03 3.05085e-03 1.00000e+00 1.00000e+00 1.00000e+00 1.00000e+00 6.32456e-16 7.62205e-26 7.62210e-26 
1.00000e+01 4.34007e+03 5.45264e-06 2.50365e-03 2.66434e-03 1.00000e+00 1.00000e+00 1.00000e+00 1.00000e+00 6.32456e-16 7.68315e-26 7.68310e-26 
1.12202e+01 4.19733e+03 6.50560e-06 2.17373e-03 2.33430e-03 1.00000e+00 1.00000e+00 1.00000e+00 1.00000e+00 6.32456e-16 7.74351e-26 7.74355e-26 
1.25893e+01 4.10364e+03 7.63453e-06 1.89085e-03 2.05131e-03 1.00000e+00 1.00000e+00 1.00000e+00 1.00000e+00 6.32456e-16 7.80330e-26 7.80334e-26 
1.41254e+01 4.05126e+03 8.84330e-06 1.64724e-03 1.80760e-03 1.00000e+00 1.00000e+00 1.00000e+00 1.00000e+00 6.32456e-16 7.86286e-26 7.86283e-26 
1.58489e+01 4.03435e+03 1.01394e-05 1.43658e-03 1.59686e-03 1.00000e+00 1.00000e+00 1.00000e+00 1.00000e+00 6.32456e-16 7.92264e-26 7.92267e-26 
1.77828e+01 4.04844e+03 1.15335e-05 1.25390e-03 1.41411e-03 1.00000e+00 1.00000e+00 1.00000e+00 1.00000e+00 6.32456e-16 7.98303e-26 7.98305e-26 
1.99526e+01 4.09037e+03 1.30380e-05 1.09503e-03 1.25516e-03 1.00000e+00 1.00000e+00 1.00000e+00 1.00000e+00 6.32456e-16 8.04456e-26 8.04458e-26 
2.23872e+01 4.15790e+03 1.46675e-05 9.56537e-04 1.11660e-03 1.00000e+00 1.00000e+00 1.00000e+00 1.00000e+00 6.32456e-16 8.10774e-26 8.10776e-26 
2.51189e+01 4.24953e+03 1.64382e-05 8.35601e-04 9.95598e-04 1.00000e+00 1.00000e+00 1.00000e+00 1.00000e+00 6.32456e-16 8.17314e-26 8.17316e-26 
2.81838e+01 4.36443e+03 1.83681e-05 7.29842e-04 8.89774e-04 1.00000e+00 1.00000e+00 1.00000e+00 1.00000e+00 6.32456e-16 8.24134e-26 8.24135e-26 
3.16228e+01 4.50226e+03 2.04766e-05 6.37257e-04 7.97126e-04 1.00000e+00 1.00000e+00 1.00000e+00 1.00000e+00 6.32456e-16 8.31293e-26 8.31291e-26 
3.54813e+01 4.66317e+03 2.27855e-05 5.56130e-04 7.15936e-04 1.00000e+00 1.00000e+00 1.00000e+00 1.00000e+00 6.32456e-16 8.38856e-26 8.38857e-26 
3.98107e+01 4.84767e+03 2.53184e-05 4.85025e-04 6.44765e-04 1.00000e+00 1.00000e+00 1.00000e+00 1.00000e+00 6.32456e-16 8.46883e-26 8.46882e-26 
4.46684e+01 5.05670e+03 2.81017e-05 4.22679e-04 5.82352e-04 1.00000e+00 1.00000e+00 1.00000e+00 1.00000e+00 6.32456e-16 8.55443e-26 8.55442e-26 
5.01187e+01 5.29151e+03 3.11645e-05 3.68018e-04 5.27620e-04 1.00000e+00 1.00000e+00 1.00000e+00 1.00000e+00 6.32456e-16 8.64598e-26 8.64598e-26 
5.62341e+01 5.55375e+03 3.45390e-05 3.20108e-04 4.79632e-04 1.00000e+00 1.00000e+00 1.00000e+00 1.00000e+00 6.32456e-16 8.74416e-26 8.74416e-26 
6.30957e+01 5.84535e+03 3.82611e-05 2.78138e-04 4.37578e-04 1.00000e+00 1.00000e+00 1.00000e+00 1.00000e+00 6.32456e-16 8.84957e-26 8.84957e-26 
7.07946e+01 6.16865e+03 4.23708e-05 2.41398e-04 4.00745e-04 1.00000e+00 1.00000e+00 1.00000e+00 1.00000e+00 6.32456e-16 8.96281e-26 8.96281e-26 
7.94328e+01 6.52631e+03 4.69125e-05 2.09270e-04 3.68512e-04 1.00000e+00 1.00000e+00 1.00000e+00 1.00000e+00 6.32456e-16 9.08442e-26 9.08441e-26 
8.91251e+01 6.92138e+03 5.19359e-05 1.81207e-04 3.40333e-04 1.00000e+00 1.00000e+00 1.00000e+00 1.00000e+00 6.32456e-16 9.21484e-26 9.21484e-26 
1.00000e+02 7.35730e+03 5.74963e-05 1.56733e-04 3.15726e-04 1.00000e+00 1.00000e+00 1.00000e+00 1.00000e+00 6.32456e-16 9.35444e-26 9.35443e-26 
1.12202e+02 7.83794e+03 6.36553e-05 1.35424e-04 2.94265e-04 1.00000e+00 1.00000e+00 1.00000e+00 1.00000e+00 6.32456e-16 9.50344e-26 9.50344e-26 
1.25893e+02 8.36762e+03 7.04818e-05 1.16905e-04 2.75573e-04 1.00000e+00 1.00000e+00 1.00000e+00 1.00000e+00 6.32456e-16 9.66195e-26 9.66195e-26 
1.41254e+02 8.95119e+03 7.80524e-05 1.00842e-04 2.59310e-04 1.00000e+00 1.00000e+00 1.00000e+00 1.00000e+00 6.32456e-16 9.82992e-26 9.82992e-26 
1.58489e+02 9.59405e+03 8.64530e-05 8.69392e-05 2.45176e-04 1.00000e+00 1.00000e+00 1.00000e+00 1.00000e+00 6.32456e-16 1.00072e-25 1.00072e-25 
1.77828e+02 1.03023e+04 9.57794e-05 7.49297e-05 2.32899e-04 1.00000e+00 1.00000e+00 1.00000e+00 1.00000e+00 6.32456e-16 1.01934e-25 1.01934e-25 
1.99526e+02 1.10827e+04 1.06139e-04 6.45767e-05 2.22237e-04 1.00000e+00 1.00000e+00 1.00000e+00 1.00000e+00 6.32456e-16 1.03882e-25 1.03882e-25 
2.23872e+02 1.19429e+04 1.17651e-04 5.56670e-05 2.12969e-04 1.00000e+00 1.00000e+00 1.00000e+00 1.00000e+00 6.32456e-16 1.05912e-25 1.05912e-25 
2.51189e+02 1.28917e+04 1.30451e-04 4.80114e-05 2.04898e-04 1.00000e+00 1.00000e+00 1.00000e+00 1.00000e+00 6.32456e-16 1.08019e-25 1.08019e-25 
2.81838e+02 1.39389e+04 1.44689e-04 4.14409e-05 1.97847e-04 1.00000e+00 1.00000e+00 1.00000e+00 1.00000e+00 6.32456e-16 1.10200e-25 1.10200e-25 
3.16228e+02 1.50958e+04 1.60537e-04 3.58063e-05 1.91657e-04 1.00000e+00 1.00000e+00 1.00000e+00 1.00000e+00 6.32456e-16 1.12453e-25 1.12453e-25 
3.54813e+02 1.63753e+04 1.78186e-04 3.09762e-05 1.86186e-04 1.00000e+00 1.00000e+00 1.00000e+00 1.00000e+00 6.32456e-16 1.14778e-25 1.14778e-25 
3.98107e+02 1.77920e+04 1.97851e-04 2.68356e-05 1.81309e-04 1.00000e+00 1.00000e+00 1.00000e+00 1.00000e+00 6.32456e-16 1.17177e-25 1.17177e-25 
4.46684e+02 1.93630e+04 2.19778e-04 2.32843e-05 1.76911e-04 1.00000e+00 1.00000e+00 1.00000e+00 1.00000e+00 6.32456e-16 1.19655e-25 1.19655e-25 
5.01187e+02 2.11078e+04 2.44243e-04 2.02361e-05 1.72895e-04 1.00000e+00 1.00000e+00 1.00000e+00 1.00000e+00 6.32456e-16 1.22223e-25 1.22223e-25 
5.62341e+02 2.30490e+04 2.71560e-04 1.76167e-05 1.69170e-04 1.00000e+00 1.00000e+00 1.00000e+00 1.00000e+00 6.32456e-16 1.24891e-25 1.24891e-25 
6.30957e+02 2.52127e+04 3.02085e-04 1.53626e-05 1.65660e-04 1.00000e+00 1.00000e+00 1.00000e+00 1.00000e+00 6.32456e-16 1.27676e-25 1.27676e-25 
7.07946e+02 2.76292e+04 3.36222e-04 1.34196e-05 1.62294e-04 1.00000e+00 1.00000e+00 1.00000e+00 1.00000e+00 6.32456e-16 1.30600e-25 1.30600e-25 
7.94328e+02 3.03338e+04 3.74432e-04 1.17418e-05 1.59011e-04 1.00000e+00 1.00000e+00 1.00000e+00 1.00000e+00 6.32456e-16 1.33687e-25 1.33687e-25 
8.91251e+02 3.33679e+04 4.17240e-04 1.02902e-05 1.55758e-04 1.00000e+00 1.00000e+00 1.00000e+00 1.00000e+00 6.32456e-16 1.36968e-25 1.36968e-25 
1.00000e+03 3.67799e+04 4.65246e-04 9.03182e-06 1.52486e-04 1.00000e+00 1.00000e+00 1.00000e+00 1.00000e+00 6.32456e-16 1.40480e-25 1.40480e-25 
1.12202e+03 4.06267e+04 5.19137e-04 7.93884e-06 1.49155e-04 1.00000e+00 1.00000e+00 1.00000e+00 1.00000e+00 6.32456e-16 1.44265e-25 1.44265e-25 
1.25893e+03 4.49754e+04 5.79700e-04 6.98761e-06 1.45731e-04 1.00000e+00 1.00000e+00 1.00000e+00 1.00000e+00 6.32456e-16 1.48371e-25 1.48371e-25 
1.41254e+03 4.99059e+04 6.47837e-04 6.15815e-06 1.42184e-04 1.00000e+00 1.00000e+00 1.00000e+00 1.00000e+00 6.32456e-16 1.52858e-25 1.52858e-25 
1.58489e+03 5.55130e+04 7.24589e-04 5.43352e-06 1.38492e-04 1.00000e+00 1.00000e+00 1.00000e+00 1.00000e+00 6.32456e-16 1.57789e-25 1.57789e-25 
1.77828e+03 6.19102e+04 8.11154e-04 4.79935e-06 1.34641e-04 1.00000e+00 1.00000e+00 1.00000e+00 1.00000e+00 6.32456e-16 1.63244e-25 1.63244e-25 
1.99526e+03 6.92338e+04 9.08917e-04 4.24339e-06 1.30620e-04 1.00000e+00 1.00000e+00 1.00000e+00 1.00000e+00 6.32456e-16 1.69310e-25 1.69310e-25 
2.23872e+03 7.76488e+04 1.01948e-03 3.75522e-06 1.26427e-04 1.00000e+00 1.00000e+00 1.00000e+00 1.00000e+00 6.32456e-16 1.76092e-25 1.76092e-25 
2.51189e+03 8.73551e+04 1.14471e-03 3.32593e-06 1.22067e-04 1.00000e+00 1.00000e+00 1.00000e+00 1.00000e+00 6.32456e-16 1.83712e-25 1.83712e-25 
2.81838e+03 9.85967e+04 1.28676e-03 2.94790e-06 1.17550e-04 1.00000e+00 1.00000e+00 1.00000e+00 1.00000e+00 6.32456e-16 1.92311e-25 1.92311e-25 
3.16228e+03 1.11673e+05 1.44815e-03 2.61455e-06 1.12892e-04 1.00000e+00 1.00000e+00 1.00000e+00 1.00000e+00 6.32456e-16 2.02058e-25 2.02058e-25 
3.54813e+03 1.26952e+05 1.63182e-03 2.32027e-06 1.08116e-04 1.00000e+00 1.00000e+00 1.00000e+00 1.00000e+00 6.32456e-16 2.13150e-25 2.13150e-25 
3.98107e+03 1.44889e+05 1.84118e-03 2.06017e-06 1.03246e-04 1.00000e+00 1.00000e+00 1.00000e+00 1.00000e+00 6.32456e-16 2.25821e-25 2.25821e-25 
4.46684e+03 1.66046e+05 2.08020e-03 1.83006e-06 9.83122e-05 1.00000e+00 1.00000e+00 1.00000e+00 1.00000e+00 6.32456e-16 2.40348e-25 2.40348e-25 
5.01187e+03 1.91112e+05 2.35348e-03 1.62627e-06 9.33460e-05 1.00000e+00 1.00000e+00 1.00000e+00 1.00000e+00 6.32456e-16 2.57062e-25 2.57062e-25 
5.62341e+03 2.20925e+05 2.66627e-03 1.44565e-06 8.83784e-05 1.00000e+00 1.00000e+00 1.00000e+00 1.00000e+00 6.32456e-16 2.76348e-25 2.76348e-25 
6.30957e+03 2.56482e+05 3.02443e-03 1.28541e-06 8.34398e-05 1.00000e+00 1.00000e+00 1.00000e+00 1.00000e+00 6.32456e-16 2.98660e-25 2.98660e-25 
7.07946e+03 2.98916e+05 3.43438e-03 1.14315e-06 7.85572e-05 1.00000e+00 1.00000e+00 1.00000e+00 1.00000e+00 6.32456e-16 3.24513e-25 3.24513e-25 
7.94328e+03 3.49448e+05 3.90281e-03 1.01675e-06 7.37539e-05 1.00000e+00 1.00000e+00 1.00000e+00 1.00000e+00 6.32456e-16 3.54487e-25 3.54487e-25 
8.91251e+03 4.09290e+05 4.43642e-03 9.04356e-07 6.90484e-05 1.00000e+00 1.00000e+00 1.00000e+00 1.00000e+00 6.32456e-16 3.89215e-25 3.89215e-25 
1.00000e+04 4.79543e+05 5.04177e-03 8.04362e-07 6.44559e-05 1.00000e+00 1.00000e+00 1.00000e+00 1.00000e+00 6.32456e-16 4.29383e-25 4.29383e-25 
1.12202e+04 5.61168e+05 5.72540e-03 7.15349e-07 5.99900e-05 1.00000e+00 1.00000e+00 1.00000e+00 1.00000e+00 6.32456e-16 4.75753e-25 4.75753e-25 
1.25893e+04 6.55029e+05 6.49419e-03 6.36086e-07 5.56648e-05 1.00000e+00 1.00000e+00 1.00000e+00 1.00000e+00 6.32456e-16 5.29200e-25 5.29200e-25 
1.41254e+04 7.62047e+05 7.35604e-03 5.65489e-07 5.14958e-05 1.00000e+00 1.00000e+00 1.00000e+00 1.00000e+00 6.32456e-16 5.90774e-25 5.90774e-25 
1.58489e+04 8.83436e+05 8.32049e-03 5.02609e-07 4.74994e-05 1.00000e+00 1.00000e+00 1.00000e+00 1.00000e+00 6.32456e-16 6.61780e-25 6.61780e-25 
1.77828e+04 1.02058e+06 9.39837e-03 4.46599e-07 4.36898e-05 1.00000e+00 1.00000e+00 1.00000e+00 1.00000e+00 6.32456e-16 7.43784e-25 7.43783e-25 
1.99526e+04 1.17553e+06 1.06030e-02 3.96713e-07 4.00800e-05 1.00000e+00 1.00000e+00 1.00000e+00 1.00000e+00 6.32456e-16 8.38763e-25 8.38763e-25 
2.23872e+04 1.35050e+06 1.19488e-02 3.52281e-07 3.66782e-05 1.00000e+00 1.00000e+00 1.00000e+00 1.00000e+00 6.32456e-16 9.49059e-25 9.49059e-25 
2.51189e+04 1.54822e+06 1.34522e-02 3.12709e-07 3.34892e-05 1.00000e+00 1.00000e+00 1.00000e+00 1.00000e+00 6.32456e-16 1.07753e-24 1.07753e-24 
2.81838e+04 1.77232e+06 1.51325e-02 2.77465e-07 3.05150e-05 1.00000e+00 1.00000e+00 1.00000e+00 1.00000e+00 6.32456e-16 1.22772e-24 1.22772e-24 
3.16228e+04 2.02652e+06 1.70098e-02 2.46076e-07 2.77532e-05 1.00000e+00 1.00000e+00 1.00000e+00 1.00000e+00 6.32456e-16 1.40383e-24 1.40383e-24 
3.54813e+04 2.31548e+06 1.91070e-02 2.18122e-07 2.51990e-05 1.00000e+00 1.00000e+00 1.00000e+00 1.00000e+00 6.32456e-16 1.61098e-24 1.61098e-24 
3.98107e+04 2.64485e+06 2.14494e-02 1.93226e-07 2.28460e-05 1.00000e+00 1.00000e+00 1.00000e+00 1.00000e+00 6.32456e-16 1.85550e-24 1.85550e-24 
4.46684e+04 3.02100e+06 2.40646e-02 1.71055e-07 2.06854e-05 1.00000e+00 1.00000e+00 1.00000e+00 1.00000e+00 6.32456e-16 2.14499e-24 2.14499e-24 
5.01187e+04 3.45162e+06 2.69826e-02 1.51311e-07 1.87076e-05 1.00000e+00 1.00000e+00 1.00000e+00 1.00000e+00 6.32456e-16 2.48879e-24 2.48879e-24 
5.62341e+04 3.94585e+06 3.02363e-02 1.33730e-07 1.69020e-05 1.00000e+00 1.00000e+00 1.00000e+00 1.00000e+00 6.32456e-16 2.89831e-24 2.89831e-24 
6.30957e+04 4.51461e+06 3.38612e-02 1.18077e-07 1.52577e-05 1.00000e+00 1.00000e+00 1.00000e+00 1.00000e+00 6.32456e-16 3.38750e-24 3.38750e-24 
7.07946e+04 5.17091e+06 3.78952e-02 1.04142e-07 1.37637e-05 1.00000e+00 1.00000e+00 1.00000e+00 1.00000e+00 6.32456e-16 3.97341e-24 3.97341e-24 
7.94328e+04 5.93047e+06 4.23784e-02 9.17390e-08 1.24089e-05 1.00000e+00 1.00000e+00 1.00000e+00 1.00000e+00 6.32456e-16 4.67695e-24 4.67695e-24 
8.91251e+04 6.81234e+06 4.73534e-02 8.07029e-08 1.11825e-05 1.00000e+00 1.00000e+00 1.00000e+00 1.00000e+00 6.32456e-16 5.52373e-24 5.52373e-24 
1.00000e+05 7.83982e+06 5.28638e-02 7.08863e-08 1.00741e-05 1.00000e+00 1.00000e+00 1.00000e+00 1.00000e+00 6.32456e-16 6.54516e-24 6.54516e-24 
1.12202e+05 9.04152e+06 5.89542e-02 6.21587e-08 9.07391e-06 1.00000e+00 1.00000e+00 1.00000e+00 1.00000e+00 6.32456e-16 7.77979e-24 7.77979e-24 
1.25893e+05 1.04532e+07 6.56690e-02 5.44038e-08 8.17250e-06 1.00000e+00 1.00000e+00 1.00000e+00 1.00000e+00 6.32456e-16 9.27514e-24 9.27514e-24 
1.41254e+05 1.21204e+07 7.30517e-02 4.75183e-08 7.36120e-06 1.00000e+00 1.00000e+00 1.00000e+00 1.00000e+00 6.32456e-16 1.10903e-23 1.10903e-23 
1.58489e+05 1.41005e+07 8.11409e-02 4.14107e-08 6.63182e-06 1.00000e+00 1.00000e+00 1.00000e+00 1.00000e+00 6.32456e-16 1.32983e-23 1.32983e-23 
1.77828e+05 1.64691e+07 8.99706e-02 3.59995e-08 5.97688e-06 1.00000e+00 1.00000e+00 1.00000e+00 1.00000e+00 6.32456e-16 1.59917e-23 1.59917e-23 
1.99526e+05 1.93277e+07 9.95662e-02 3.12123e-08 5.38956e-06 1.00000e+00 1.00000e+00 1.00000e+00 1.00000e+00 6.32456e-16 1.92893e-23 1.92893e-23 
2.23872e+05 2.28193e+07 1.09942e-01 2.69849e-08 4.86374e-06 1.00000e+00 1.00000e+00 1.00000e+00 1.00000e+00 6.32456e-16 2.33502e-23 2.33502e-23 
2.51189e+05 2.71529e+07 1.21093e-01 2.32604e-08 4.39401e-06 1.00000e+00 1.00000e+00 1.00000e+00 1.00000e+00 6.32456e-16 2.83955e-23 2.83955e-23 
2.81838e+05 3.26537e+07 1.32986e-01 1.99889e-08 3.97575e-06 1.00000e+00 1.00000e+00 1.00000e+00 1.00000e+00 6.32456e-16 3.47547e-23 3.47547e-23 
3.16228e+05 3.98914e+07 1.45540e-01 1.71271e-08 3.60564e-06 1.00000e+00 1.00000e+00 1.00000e+00 1.00000e+00 6.32456e-16 4.29823e-23 4.29823e-23 
3.54813e+05 5.00508e+07 1.58557e-01 1.46412e-08 3.28280e-06 1.00000e+00 1.00000e+00 1.00000e+00 1.00000e+00 6.32456e-16 5.41964e-23 5.41964e-23 
3.98107e+05 6.66406e+07 1.71384e-01 1.25221e-08 3.01467e-06 1.00000e+00 1.00000e+00 1.00000e+00 1.00000e+00 6.32456e-16 7.16142e-23 7.16142e-23 
4.46684e+05 2.01501e+08 1.50539e-01 1.22636e-08 3.08694e-06 1.00000e+00 1.00000e+00 1.00000e+00 1.00000e+00 6.32456e-16 1.80331e-22 1.68315e-22 
5.01187e+05 2.59237e+08 1.56221e-01 1.07733e-08 2.82751e-06 1.00000e+00 1.00000e+00 1.00000e+00 1.00000e+00 6.32456e-16 1.87672e-22 1.87742e-22 
5.62341e+05 3.32261e+08 1.58216e-01 9.57326e-09 2.57557e-06 1.00000e+00 1.00000e+00 1.00000e+00 1.00000e+00 6.32456e-16 2.11422e-22 2.11422e-22 
6.30957e+05 4.03487e+08 1.63534e-01 8.39717e-09 2.32918e-06 1.00000e+00 1.00000e+00 1.00000e+00 1.00000e+00 6.32456e-16 2.32681e-22 2.32681e-22 
7.07946e+05 4.76613e+08 1.70887e-01 7.30542e-09 2.09851e-06 1.00000e+00 1.00000e+00 1.00000e+00 1.00000e+00 6.32456e-16 2.53791e-22 2.53791e-22 
7.94328e+05 5.53941e+08 1.79629e-01 6.31771e-09 1.88659e-06 1.00000e+00 1.00000e+00 1.00000e+00 1.00000e+00 6.32456e-16 2.75410e-22 2.75410e-22 
8.91251e+05 6.36900e+08 1.89429e-01 5.43630e-09 1.69364e-06 1.00000e+00 1.00000e+00 1.00000e+00 1.00000e+00 6.32456e-16 2.97751e-22 2.97751e-22 
1.00000e+06 7.26608e+08 2.00080e-01 4.65688e-09 1.51887e-06 1.00000e+00 1.00000e+00 1.00000e+00 1.00000e+00 6.32456e-16 3.20857e-22 3.20857e-22 
